Id,SalePrice
2658,177353.79571070516
2718,199600.45323232177
2414,160100.7918013034
1989,174179.17834255105
625,182943.9293883285
333,111988.23584404486
1327,101905.01900521391
858,146682.72194737272
95,159401.6767787829
1568,158968.46523135144
2482,133743.1118542616
1364,168487.5600021877
2584,181381.31872179484
818,267218.885901784
2673,188699.5892758301
2089,128287.73922941199
1297,138340.40257767655
790,137960.15434207668
2616,182041.62771030623
720,230865.5413734765
222,137224.1420716079
557,206607.71911808415
1148,256604.86769965946
2766,163735.58340966527
534,194851.91755194496
1452,123809.72523434326
630,132762.7753859972
2648,172992.87725045328
125,117691.44118440847
1904,92557.51190366932
1670,124283.06986816067
756,142318.15047045486
717,286421.85225726024
1032,141530.63605409133
852,216090.56900296785
1731,156771.75168564465
2639,118248.76576033965
2071,108022.86032365059
1267,114154.40869994042
1851,204716.3486078005
567,119841.07187325285
2439,258790.25797966676
1898,158011.31169065076
647,126649.13074292263
2256,196184.38656900614
979,148251.5416970031
1444,164715.17384044878
2485,156206.1358509156
157,127886.10088617032
88,206069.13288270377
2003,171622.21523359028
186,180765.7598537359
1425,231718.21482520207
2695,115978.45098758597
738,120469.361852985
395,146916.85751039663
1353,223267.6300890989
1878,141926.95035357453
390,168780.07495998513
1456,211536.74956018702
1103,325083.57520345075
1387,179548.50122325396
2070,180543.14580022803
1199,158410.89103007494
2479,155197.81775341142
501,275467.54679176694
2362,144311.0452335703
1718,145929.87604494585
2188,169574.24753315226
1483,145728.94079948094
2557,87977.40219480486
437,272795.25608668034
2224,180878.98435992174
1628,131028.45838437814
397,169725.56822892075
587,165724.73428177036
2182,519610.82474438276
971,115563.25831434393
2611,154450.48221724314
1887,75059.3458257174
2399,240929.18981532357
2148,273335.7238853528
304,118502.04107211831
1997,132783.4133012125
2817,138184.27345079207
1431,225454.5637602812
427,273213.0035448983
263,124489.12117631444
598,172112.5441829312
2895,264155.94253006397
687,150915.39079343062
1822,154390.0942062859
2191,131400.4239241156
179,158825.37344835192
1009,186132.97964449882
2010,167149.52528228008
1991,157719.25298773826
1411,160327.2571152938
1721,287958.99042162905
1144,229515.21269950585
593,269791.5417214032
575,210925.42116018804
1249,227359.69836856629
1604,101017.93244186595
1064,373719.523266498
1923,169938.47716862345
1988,154410.8513703206
2325,134196.0873316524
114,180709.13537442897
2700,277700.11169786437
217,142507.36435509974
343,172318.59549108497
386,198228.75955368634
2005,106190.72380589086
2908,141753.44835141572
1814,203364.75751360512
2446,372089.46186144964
208,171961.91320457586
1679,169163.2637722109
822,273114.53506574826
6,143416.11105965253
1781,297508.621064973
2397,215581.14071228312
2340,234203.16998980896
1618,136438.09394015727
2843,190264.6799369403
1061,289135.0893989944
2786,154366.10517474366
1935,155379.01332341987
1341,100508.38548538757
521,219218.57081539638
2136,117279.12837657021
996,150973.2484443921
227,193797.53883519038
135,132477.83639391666
1167,128953.37046336484
294,222301.49890494795
1776,255699.0064436979
540,245990.0372210131
1717,147987.82495366718
2303,144508.6782518811
116,184660.97842237737
127,138243.23598456467
1371,133055.32294459216
1014,215986.77024430785
1507,97615.88218060546
702,140132.36400679185
750,181080.57061695066
261,168521.52979928628
1559,92503.82302602146
577,212810.59363256686
2812,259940.30056282115
2080,163690.26702805108
1368,169132.98614706032
2376,124828.81914730003
659,142470.49042596758
1235,219855.939986522
332,111988.23584404486
1917,129020.95959822291
2094,202942.36757543558
1460,227493.21622817765
1471,189160.40225736477
1509,115240.9405506567
1922,206974.99413866532
433,375186.22376367706
460,202873.19196569893
1116,201116.5876158129
1137,138981.9100686009
53,148228.49898194833
2354,207122.66123474203
1475,172007.35695093937
1761,454496.9088652126
842,166526.74566880648
2739,169329.2533464118
2509,154499.20438732856
1007,162849.6111842866
2610,188193.83732062747
1952,116332.71685599435
2719,254800.06500653294
2921,88155.64414799595
1966,127790.00439431556
292,131999.3737859456
1204,196785.94014218426
1829,183213.5181546783
2419,186208.4708219358
391,192479.67065210527
798,206211.93188989462
481,200479.55786881584
193,200762.63892827806
555,213175.21322380548
899,173724.95552667938
2357,213391.93959453423
328,143857.22956625136
1356,141607.66638842557
1154,123809.72523434326
1730,174839.9120596182
2249,149381.7698549526
1119,185606.59905606235
2856,167862.91375714014
1394,207597.7737521389
2587,95681.49722119719
61,296359.3101794975
2661,276427.50249261525
2711,168157.84279675843
1147,184660.97842237737
757,130311.81188796813
2623,129001.99000781987
2378,168859.0002307905
1413,152319.08143660132
1722,214457.7912027557
1112,170925.83381004407
1623,177814.49002644618
1201,204810.70699888206
1513,127961.71072940092
957,222814.85014468356
1171,246789.08716769284
1145,176864.88666944206
2726,205968.60696805702
703,155741.33450698838
760,145081.02730113763
1964,156711.3636746874
2512,159823.37179166515
159,229435.42276831553
1281,201978.08776941852
468,174537.9788870069
290,146392.42771027944
665,134685.38434964052
1463,312502.89993999084
1792,222718.99856989336
923,122164.1311357187
500,290178.3504987349
1408,207073.26519965532
331,133984.22691560848
170,177191.16701862324
2192,133094.82642676542
2571,244326.16952517943
2314,149253.10326116366
2647,122677.39866439131
422,306635.1732187858
2457,294502.84147199744
1838,164635.91098055214
2805,210681.81968105718
1645,234422.5901943007
1711,271493.4187033526
2825,196813.74664999545
322,295192.67564033
2103,306886.56015302916
342,134815.93949427624
600,115385.21555390074
488,144595.5204864669
1725,334923.49309633323
2246,219740.43224067282
2847,151542.93507456727
806,240412.94372553585
530,216962.46046183087
963,154781.78437337893
2678,89573.98265843712
171,137171.20207859244
2401,292699.1605935269
805,182659.26921684697
2259,162718.99831999306
1748,129202.52715816427
1361,168621.21165110057
1677,121675.44091657501
1406,139755.41548136744
2322,202731.33619823892
688,165056.72916102695
143,151604.68950999773
804,210149.62677620552
1214,198730.11331824007
2828,202185.25274776857
1999,209418.93796646947
2467,191285.08885659633
2665,168344.1292305536
1538,274520.1591693859
398,114026.4236699584
2822,124053.32671347412
2157,145728.94079948094
1856,144729.58037306607
1269,127497.33816992698
2570,123857.55043924198
2320,269207.6624232247
1517,136468.14508330758
2304,152974.68599384595
1312,136893.7820689542
2012,180814.9041770165
506,231254.09910097928
2865,202353.22016996928
2367,138171.73681242828
554,143619.44098656144
238,155123.8789372733
1954,126074.37837424717
2488,141607.66638842557
2291,134925.4004688118
1969,89482.25406315125
2725,188780.8215966285
1482,117143.24918817598
2763,149070.69499443183
503,229535.6045210041
1584,227912.05839326626
1531,213737.8097320443
2210,149860.8390367435
459,297446.89055387257
556,112956.52632794497
1347,159874.326487313
1290,135876.55478757145
1388,145192.16154613037
1571,167885.53696972306
2754,161779.562575682
765,222913.22172539227
2494,155805.50241872584
2870,184018.95806597598
7,178676.7604479564
1114,235553.3733730776
2418,232339.57394757203
291,114761.19992488761
18,336331.9814899765
39,354885.8834532925
1001,249380.97015955532
2442,273891.0909759229
616,113655.68335272397
2680,118963.39083376499
1414,173547.1704025086
289,167268.081400008
40,214758.1953328842
860,112984.69137641191
409,150507.75322824792
673,128349.36357675206
2427,234973.02676667427
2036,193251.6607528306
2564,174295.05280589804
642,191067.6909639269
1008,233641.28486103384
1908,146051.1512103003
2519,174243.55881081265
1369,132562.63293888798
2855,162374.03402490678
712,130439.1597123207
1943,166390.86648041225
1958,231201.85221744058
107,143557.50061430535
2295,185731.55116241277
704,114697.37894766974
676,127772.8682291751
259,141921.43998731594
93,251970.55709259963
106,205073.150143129
2315,173641.18505236635
1050,160185.71687707555
1095,180635.19655829083
2709,125669.27295116511
758,191507.87783510456
1496,145618.3349716179
2370,139096.13392869465
2458,225266.18590203836
2733,199660.16449677572
161,196252.25860767506
726,142269.18046666076
845,170897.67691238644
947,287535.626143844
2232,140285.0768271442
2563,228172.1475281659
2299,127560.65363173393
211,116523.21190751181
605,205592.0123321489
1478,186676.49639807575
2247,219740.43224067282
2274,151370.56209778317
2869,161997.43880597292
967,235336.13638565608
2656,114383.10653949325
667,234263.06795055352
1042,127146.4355990355
2023,186223.58908891107
2447,283476.36068126827
2055,133559.0570016296
2275,233781.28170807703
2204,167551.50063158726
1563,221642.7408781921
483,154242.94286245754
796,118921.00190300054
1526,183913.6428862091
2042,171053.3171835885
442,257412.93722297432
1693,251103.6457027795
1468,209709.9087812886
1430,193795.0588406139
2605,242530.04843515667
1529,181837.80892771488
335,157614.9973911676
1287,136742.9032793783
31,134010.43666785484
1785,283995.84742679726
82,132681.655176508
2620,114584.19114008456
252,148236.8919496466
721,94980.69891417584
2165,175781.28226957552
2316,225760.29193416823
775,123470.02726335768
1558,118605.1336836585
17,162144.79252665787
1022,239076.79837299255
925,169187.7131081936
438,302362.18439141795
1270,171401.43428823998
1272,109205.59508340276
215,131319.97784397443
266,159870.60591511877
2402,184249.59696618433
1250,103990.28968798982
1984,103626.15539154087
1279,116785.57992844691
377,209640.08738751072
1252,107408.1261351804
2156,227130.87172579305
499,264144.2810922474
1374,154671.3092171999
2898,246134.98790506896
401,144582.80361035877
2721,181450.8325965636
2078,214264.0823131996
2589,179161.41525033963
1946,168581.92596105288
1334,137533.52326216095
2781,181674.54040973782
431,278028.8834896051
576,188269.42384504198
1474,200004.00344522635
2254,227838.84230468326
2155,278321.3479201629
885,123330.3763925038
643,134521.5427368981
1944,106672.11386471163
480,194531.07111108265
2845,141089.05201062618
2387,222435.37762796783
2407,165904.11673889833
2527,147045.06644975735
2514,123337.07552581315
629,213946.48747926368
80,206899.87225623376
1876,159087.02193210513
1546,123855.02644795069
2518,156964.2472025365
2347,145890.09334840637
783,167798.37995141424
1322,118793.5418482722
194,132479.5750777156
1770,247518.29295198433
2143,123809.72523434326
1229,216847.33843747134
511,231388.4196288124
46,205469.34577681855
1348,218511.8584953007
2465,141600.516708944
387,231500.19111987075
873,171845.94578255486
1918,214760.47042173822
2764,190232.00997853425
2184,129244.89277011265
934,159115.69100426132
1920,125216.34232318433
2631,261196.46978626022
1768,442256.85395278095
2040,198625.34387121655
1749,199441.9275125285
834,186668.10058322595
1457,240909.8249161715
79,170193.38881632016
2302,121092.14146645859
1817,163275.16560846072
2755,185402.780273471
359,222703.01019529795
2059,155639.97256593962
2092,236009.8706947775
2516,252515.62539095787
150,105638.76638805412
1656,156175.72927466434
83,149577.7062839901
2411,247099.71725956604
795,107372.4541097351
2312,241292.46627815036
2917,133498.66899067233
1624,163826.1462164453
2215,263267.0655896259
1211,136709.85231694573
1485,117143.24918817598
1024,229462.99981791113
570,228749.6340788414
2874,171208.93877134816
700,152757.80526175615
2756,263190.6048898769
2022,176644.0911391108
583,201594.89895719275
2392,237820.95338080547
2424,185425.27553827883
212,136084.1534034318
736,210371.9738485212
1610,166140.20309024153
890,134406.06940353115
467,135147.24165041203
578,229251.99874708534
1747,136970.28742803467
1149,169575.7383626691
2758,223386.5471147342
857,146746.8898591102
2219,252503.96395314133
733,141889.32753980995
2909,191575.35278731876
1798,200377.65604530374
235,131971.17297456472
2366,158126.77188712734
1027,122838.45652628524
1195,109474.62212534272
1303,94638.7602668185
148,184166.84208387663
608,192522.8687757727
2515,139777.47093132135
821,257769.62067553494
2500,227341.27097590012
745,112814.98550670099
741,160162.7321735595
1611,136822.68966519187
2532,153314.38396483153
1081,171214.728351973
1692,381070.2042687782
2520,153377.6994266385
276,121998.00272242015
1992,208730.10032209085
663,68965.63908531154
418,185638.32323046483
1733,157915.40152129612
2359,132409.89679971954
253,174070.04865784448
1518,130074.41861702729
2035,171035.2947845796
2919,111988.23584404486
1540,216447.25187250273
2120,117392.3610335654
1674,188665.61947873153
256,180522.30207341263
2361,96605.73065783877
978,172989.4703275043
2280,122578.41672394534
2095,195953.68011326957
1709,238129.41573669255
2801,192448.2324140816
1246,104880.15243559632
2373,138171.73681242828
1055,218200.46810553817
2017,123093.23000452442
1099,263204.78821130435
1344,97766.21412544831
835,163752.54498939845
1117,162842.96316124266
2043,141111.69854202523
2085,135978.58284466073
410,185346.56012862912
2650,157821.0437132403
2867,199328.44359573093
1668,173160.08442959428
1161,133839.40446211753
2122,195999.4034800722
2539,139492.44822817782
1047,147520.64360913716
1445,130316.94999490098
541,210258.741191526
569,202685.36157163396
1276,121955.2418017227
918,162801.05308154755
326,186568.92595695608
1936,109842.6282605771
895,99207.19632013702
257,150255.23559438728
1241,198550.8304344121
1545,111678.78709796358
1189,183298.39153715927
270,215303.98717531515
2066,171335.4799914105
693,104747.1586957933
1259,115992.95132948052
2916,216939.46795424251
2321,245392.95309384307
1977,107953.43268282166
1895,195536.95239097555
1240,176026.62741858637
85,154444.48299530213
1823,108446.98113094497
825,276973.87930192007
110,193153.40437820094
697,154241.00238482782
2297,130488.21947149737
1231,139662.29721367062
1355,178076.47668231642
968,272731.08318886184
584,222197.5814804943
1315,206974.99413866532
1606,144029.30609122553
206,123409.75791819405
1685,281573.0145432894
2016,155949.26396067394
869,216972.44122738717
2135,126976.58661354272
2346,165930.04111099354
2430,188080.58134481616
2198,132311.9468129269
2652,152182.0573948796
27,145398.0787407242
241,229530.93941210824
906,109538.68988075439
1506,121261.99045195138
2098,244579.95661322447
1435,200630.87041097804
2213,132536.19140621318
1274,181405.51679797517
743,69520.47910458801
1737,216688.81271767805
2797,282300.18354263506
2185,91518.30360141421
58,219079.56517145172
830,255343.05468881625
808,190641.1833671084
680,235283.15838746418
1153,107861.05676316118
1291,184666.6173194368
1818,147537.29091859522
2161,185574.3679427627
1883,135189.6072623604
350,264327.7319931865
2473,187316.26149312436
295,179077.03415194261
293,195857.43235482366
859,106389.03222222364
288,92647.10682616694
1578,140686.7151703859
102,134516.02421983017
2831,201481.6668832233
1030,203554.37137345652
2551,176106.77531782116
1286,150082.7364609462
958,262923.5959361807
776,138478.67835897958
72,159265.79759038865
2263,201841.27662058215
1866,227499.14433369768
2876,117268.9883311152
2146,244633.08091931097
103,194178.1605070332
1500,114527.57481158696
492,162678.84336412782
167,156878.9851206988
2597,152610.99899131813
2685,115249.48763209768
1035,169438.71432094736
1220,87122.34436789995
2602,136234.27515756592
2159,200332.01724260504
695,173949.14575181578
1109,207658.50773928547
640,152743.59654746542
1652,167944.04324861077
2090,176640.42997163543
1188,175687.41830328322
2345,265647.75354667264
1059,332120.0726259445
2751,245561.0453123222
128,207387.2968127439
1523,242287.85640856388
2925,167608.14027890094
2145,238644.77559261187
1121,198769.7441651626
566,271455.67664076865
565,218670.38421509397
1331,176017.5316923682
2928,128169.18252865829
156,171961.91320457586
797,125065.37171145043
327,111988.23584404486
2859,139936.9830413088
1453,119053.95364054508
1762,255649.43522469897
1868,255540.48072390462
1760,137903.47045805084
1113,287037.4024530651
1812,201651.51586871612
117,130260.26611087518
1142,193100.89872079756
2342,274126.07739546517
927,120429.88168962786
2478,156737.79003935543
655,115140.21437960552
2064,101725.63654808592
369,231748.75609803904
2239,183226.75977101416
2732,212999.31746699903
1653,136622.1516399408
959,163881.77134184437
2395,235358.14309115996
1412,168291.08017880088
271,200690.9787618867
1484,176987.3482360319
1497,108744.2714877237
552,169380.75549230655
2,109862.38934338492
1855,232482.033603482
4,314432.78562710574
2292,159266.98081063316
134,121881.0494932307
646,130941.15009947815
42,292416.7187769341
532,197988.43883189576
713,124443.82811351636
2561,129745.64860299215
2360,147473.11802077666
1333,128169.18252865829
1407,188122.22139094822
2892,207316.07558629985
574,197592.1245324126
1227,234576.71246719107
2591,203047.70607401858
1476,224298.04726775517
1125,226153.5112976951
1446,115297.55687915429
408,105751.99904504932
1101,261891.28939016006
2251,227385.1805620493
373,201203.90870146806
2554,203266.62462207268
2382,231989.97320199054
1985,113641.43263617474
519,237770.63851105276
1093,169880.44034902225
864,222186.25763176903
2889,165056.6104952333
2308,194953.82694324065
986,120619.49175792845
1302,125497.04309016286
585,131478.5035637677
2708,182730.33888481895
147,173728.88952092206
1441,206654.84776312244
383,194334.59128769583
285,152514.2037826253
181,140989.12791669814
358,192409.6361187775
780,156873.66107694033
258,187274.39695458786
1865,201564.35826738153
692,167196.7077124425
2902,295836.345018189
508,243988.86814710265
2638,171882.3121725622
36,197878.77345164545
611,162263.5355499116
2281,105120.82646387746
1678,221894.1278124355
1696,334965.98399898363
1557,106711.59402806876
2180,158466.46985811292
1726,210290.8294253325
951,194748.69315395
267,222193.8092150089
2706,152929.39293104789
2221,187537.06459123924
1357,186797.39930410445
2901,226571.2889083328
347,178048.19125385798
2164,143582.0882063599
1586,259932.02625202615
360,168778.5239982296
1769,221876.75777542236
2617,133230.68229634353
1879,157363.48895286937
991,187740.88337383058
1535,138813.05228620666
1191,169212.3676727506
1579,170325.70072796952
1882,212274.28248604047
1510,201788.9384482854
2196,229436.7149562064
1845,151936.7172319498
2336,272775.8745952223
942,125508.2150892712
861,103011.8135951756
2555,104302.66588492082
1392,210952.28636996247
2099,203943.24057430352
1543,158034.84326138798
948,239829.79554201057
1239,150985.56291319017
22,145692.08746525596
2796,241577.350725222
2747,173607.21525526777
92,221679.63812614034
210,185980.1388763714
1858,157589.90941744976
2228,166566.37651572903
447,209407.61470076995
827,237614.20773039016
1649,254589.326405145
682,165343.48713899704
2698,164682.94272714914
494,146784.6313386684
214,124106.66228463143
2441,231352.46453434622
2679,107945.98125590758
1336,103820.44070249703
465,184385.42504431316
1524,185955.37467005136
2543,134338.129809334
631,163307.16594465752
2452,269219.33166511357
228,144803.05984125249
126,155305.54004414805
1092,182215.12971246504
1122,219225.22423437043
932,214696.46482178377
1980,136057.72703876375
2171,131717.47536370213
551,145414.51618902656
2768,153830.63005461928
2056,112984.69137641191
1159,393815.2709282406
2645,153661.96428937098
1174,229462.99981791113
2266,191071.93210567307
2462,315474.9907134444
1219,122827.52856933477
2922,176930.09208163913
118,144644.53412145923
474,150286.44789066966
2576,241148.61001981527
872,222792.2036132845
1077,181097.05385906232
1536,218576.93803376995
1150,153540.84927882193
2341,322557.9598811642
1931,204314.02669927824
2785,174349.02732804386
2538,134396.97866339402
597,242322.88345680665
464,241907.2688216831
233,163278.90889067415
2169,163469.46392993623
2123,171452.91311531863
1867,176097.93940559236
137,275105.54046149936
515,194487.3172051818
933,138006.86789597836
2784,152242.44540583683
972,156692.488825748
599,180430.1644030352
2614,124129.30881603046
2582,103480.74273151145
1409,201821.91172143005
175,139358.4589901737
352,188641.23426353358
976,90904.32326234881
2134,161765.3200099421
984,144991.78367568468
2396,270559.2487001165
1673,169527.41107917918
404,158126.77188712734
607,172167.62135453155
814,171209.46290277896
868,212131.19827362144
2271,211774.5154040866
1633,207201.92409463867
337,168697.68260933936
2765,140847.51953992594
1746,198483.00950600862
368,242811.73737003506
2806,160266.92021460194
1662,190939.3683448536
1234,179927.83004116212
1373,138441.39313430624
1672,114026.4236699584
1939,109786.0119320795
