Id,SalePrice
2658,171034.7041128492
2718,138255.38057695012
2414,220916.15065308588
1989,120912.17967439929
625,143826.49995899695
333,92982.8995942043
1327,116552.00515266515
858,136097.11647638184
95,224468.07634688914
1568,166916.66042574958
2482,171141.7533732734
1364,122891.23570670412
2584,136840.86095082422
818,321532.95415738295
2673,170027.99651453408
2089,133074.5313578303
1297,148698.61187870524
790,123576.85258900892
2616,181151.2197095168
720,176957.6983150854
222,125725.20894452337
557,113451.21108611458
1148,215036.5238324797
2766,165031.05033642656
534,175557.18744145895
1452,130879.19118355469
630,143870.18849195557
2648,136332.62000699365
125,127344.93665687914
1904,87542.85324102732
1670,91953.42324630493
756,91580.75875726783
717,227212.86747669466
1032,143601.33897771177
852,196867.94470256
1731,207347.83952977776
2639,111396.22180678086
2071,92004.17903603002
1267,105123.33186509176
1851,194429.50286941763
567,183325.91675719278
2439,221172.8289608772
1898,138162.88626613675
647,145006.42352359812
2256,214615.9134673573
979,113438.2458019332
1444,227131.6249347304
2485,144421.73293763964
157,125115.45642124263
88,114348.73887616197
2003,118114.47037670971
186,268555.7249443125
1425,232633.12511094532
2695,128727.93079144879
738,108010.11884017367
395,141620.71221691155
1353,195568.19155162227
1878,136200.86215514084
390,170971.56721148267
1456,238584.25193044613
1103,305202.1430256424
1387,121531.3706279003
2070,131128.8440355614
1199,187074.98526307798
2479,185028.15459295287
501,304283.971143871
2362,82010.11085951613
1718,223895.03634314728
2188,87509.63770272472
1483,169998.51227106896
2557,92983.39447478745
437,331884.7937917099
2224,170533.825833461
1628,191419.35057993923
397,114814.56948745836
587,193315.79017375965
2182,541569.3950101073
971,184194.2287121303
2611,119758.84313152029
1887,95898.52294646777
2399,311337.9859855272
2148,199492.57260836512
304,121859.7484915326
1997,140942.2314793781
2817,143476.20268282114
1431,206147.98088836158
427,292976.74484336557
263,140275.84049710183
598,170732.3221381111
2895,227815.181818043
687,126986.76401743744
1822,122883.64221561544
2191,115535.60787953528
179,132663.23760493382
1009,239295.06532447474
2010,135693.9840262659
1991,136384.3283456225
1411,138720.52018473676
1721,264295.56340891303
1144,204399.091103467
593,234752.6137355392
575,285091.59678672673
1249,168487.0962465755
1604,140941.4692654115
1064,386927.9183176047
1923,121827.13104567621
1988,103463.45890218767
2325,187246.8711176793
114,209964.91309934726
2700,170643.40639936025
217,153984.33876489344
343,150734.14295040787
386,243016.11190208205
2005,138182.49064562365
2908,137422.47093977878
1814,216913.3356184866
2446,494359.6736159733
208,160365.88918721126
1679,126553.50089212717
822,270098.0703193059
6,193004.53747330257
1781,319374.60353727214
2397,287610.37620123127
2340,305803.9183233262
1618,185513.98124365677
2843,128049.37128910814
1061,349848.19331833336
2786,126102.42585356029
1935,136389.9200295707
1341,132992.16648074694
521,240552.2455029838
2136,140916.17617064016
996,208519.5442773777
227,114200.99836123695
135,152489.02595597366
1167,203544.47334873234
294,230884.5433972953
1776,201543.59011302484
540,168774.69374098364
1717,223895.03634314728
2303,141123.6287813346
116,189983.16862678886
127,131730.25110165123
1371,144849.36639644715
1014,168250.77956365686
1507,103230.0487159563
702,154562.93369740917
750,167257.30343275308
261,154842.1402749482
1559,84486.1492441583
577,231491.84227001393
2812,221910.1807133545
2080,143180.80626750234
1368,119757.24253030005
2376,110351.43595678713
659,112713.56091558297
1235,119574.8820604555
332,88206.13426420989
1917,133835.8054647109
2094,242583.88848900888
1460,265708.8687143911
1471,202938.41727959516
1509,118632.41959268681
1922,117320.61635823855
433,422302.1613186827
460,270556.3268247364
1116,228757.41442495942
1137,174534.73127006067
53,192101.68919956472
2354,274523.9374010734
1475,206500.02781721833
1761,573457.7114140987
842,151983.01756809137
2739,138571.9306635738
2509,189446.9309896272
1007,226926.32258790504
2610,149217.97098990344
1952,92167.70532750127
2719,137416.88547661662
2921,92982.8995942043
1966,123758.51722434888
292,141257.29545209554
1204,220776.0191321638
1829,284545.20285348874
2419,207040.867600774
391,168633.09754277483
798,130300.59916822304
481,212539.1534470213
193,202996.18238786896
555,114078.0808471582
899,86363.45591074835
2357,193997.56502479716
328,115089.89512564073
1356,128357.63747586544
1154,95060.02784613427
1730,192693.28477284548
2249,149315.58766983144
1119,263027.2379142787
2856,136670.8654950327
1394,126867.41825990306
2587,112926.633353557
61,313686.2344349737
2661,211149.61810397435
2711,109664.77936224523
1147,198929.90284899253
757,142501.5801155134
2623,98735.91694678024
2378,140991.7392722643
1413,131145.10608655948
1722,250581.51021234755
1112,212625.6910527001
1623,212767.91945240067
1201,190345.45303223352
1513,116277.15578893466
957,259478.27221143106
1171,255200.4391384537
1145,206177.34062026045
2726,223981.42861846607
703,142873.3580640467
760,107224.68214581694
1964,124793.5477219306
2512,211649.92598528936
159,141432.6020691901
1281,161131.62159114002
468,196941.65994786847
290,121443.3483892715
665,104164.8451325896
1463,267331.4752283915
1792,238670.7661077983
923,150321.44491237667
500,287250.83282142156
1408,155370.51587569172
331,97460.87253304478
170,137146.012718555
2192,88599.442844971
2571,277079.7081907149
2314,187079.1720976126
2647,99294.9136803359
422,395273.6980962317
2457,276366.7503289365
1838,205601.46031493385
2805,252766.80040562677
1645,183334.9023412878
1711,312555.1198586349
2825,229606.25634133557
322,281470.8063992579
2103,235316.3094320125
342,109282.32198653031
600,111686.19864681881
488,203960.87345099344
1725,305186.1744685093
2246,249635.0934170253
2847,157059.27229604282
806,253897.9149819655
530,241134.52446403864
963,190490.06053080023
2678,100904.3911596965
171,108360.21586435077
2401,377969.9017447784
805,239497.27992858703
2259,227094.0450362984
1748,212959.76381214368
1361,132983.28860870702
1677,120373.73953843152
1406,115966.50568111587
2322,241540.282673384
688,148076.2004147098
143,129636.82326445733
804,232714.7862281117
1214,141366.91433135208
2828,146311.0940384953
1999,196722.4431091392
2467,212519.03558961945
2665,180423.66876912967
1538,375004.7714411245
398,105401.6581229131
2822,128374.90788536165
2157,162078.02906407483
1856,193560.10147584876
1269,103631.3110939877
2570,112524.50304115313
2320,243971.91846435113
1517,146103.44979626688
2304,120149.25681304833
1312,115274.26646275743
2012,129927.27019842033
506,255033.98774416384
2865,222862.9402707716
2367,112627.4620500902
554,134846.5520051109
238,121717.70287241886
1954,93653.69567447109
2488,149417.65317864646
2291,86682.35915942656
1969,97901.5945750422
2725,137618.9794746227
1482,169998.51227106896
2763,213823.36130124933
503,282409.04191184486
1584,225283.8026976384
1531,175072.05569972485
2210,203754.09232094217
459,320058.33502899547
556,98939.88783238898
1347,151861.11615189016
1290,91282.62716603815
1388,96898.05719654849
1571,209895.26194504427
2754,201818.9157512072
765,148185.20980344436
2494,99988.99198810187
2870,215756.73631584257
7,249113.62685550743
1114,228788.21170954284
2418,281438.1889534015
291,160520.78194455398
18,306738.3522560957
39,317063.0348952941
1001,270081.28764407197
2442,247585.42462138203
616,124466.1034790675
2680,89189.04615711089
1414,126939.17844753376
289,147198.6373103309
40,258383.68737404444
860,137443.23007423824
409,120844.57463676146
673,142351.18903920875
2427,191906.04034282023
2036,190264.54620362137
2564,132783.46702336712
642,150184.1259512232
1008,204567.93787862873
1908,152699.61125222364
2519,200326.5267485092
1369,105278.66587110546
2855,195683.53495983512
712,96872.59450159472
1943,137030.2791314357
1958,120462.25665764348
107,167010.321428592
2295,176637.9065342542
704,117441.18715471891
676,103072.31436043204
259,197364.7119950367
93,308667.42789310426
106,254692.674469075
2315,202619.28129045988
1050,96364.35355776415
1095,220524.85293959692
2709,101852.31443328739
758,175109.5883318585
1496,132055.62351464975
2370,117849.413899657
2458,249601.52342226513
2733,102597.6434113616
161,265624.32606342505
726,142589.60235414217
845,212804.70962685253
947,256282.96771180298
2232,150157.3857577677
2563,156636.36549519558
2299,145779.11087471942
211,140348.0022214555
605,159606.06835954165
1478,204236.09104631792
2247,249635.0934170253
2274,170173.32540455545
2869,183505.25810326095
967,233163.28546731942
2656,116773.30741036257
667,190087.1575087399
1042,112627.4620500902
2023,156773.26723067887
2447,382222.0814168029
2055,124239.84804373878
2275,258247.33956792598
2204,184249.2418449821
1563,251200.28427098115
483,247780.05738024897
796,134549.50192710015
1526,188213.9831280949
2042,170314.953797999
442,308519.2252096666
1693,325672.90987274103
1468,236222.00515365595
1430,210093.20723751362
2605,180878.19050705925
1529,233697.7215493394
335,141195.33765956303
1287,132282.61931862644
31,107933.40547491168
1785,238440.22197560387
82,182848.0673320858
2620,108970.20617389609
252,192217.6612748713
721,85611.46706235468
2165,186609.06071486286
2316,201420.28576122085
775,112037.7193413534
1558,89742.72940685364
17,239201.36015855096
1022,206859.63378020775
925,145891.38649588244
438,271277.87869472825
1270,133460.8070056831
1272,100128.74117149078
215,165467.18860468516
266,234712.69054472903
2402,296305.62285592733
1250,122717.06752231711
1984,114824.41233400645
1279,126261.83846521776
377,264577.5625065184
1252,142908.3280772256
2156,272729.6357384709
499,337511.6593445762
1374,122467.2045790885
2898,254208.17309906092
401,96953.78726972161
2721,173950.8412738304
2078,251226.44187490467
2589,115094.06785423617
1946,243500.0498745701
1334,132318.99922702636
2781,200063.54269605316
431,342590.55239433574
576,199655.7306682424
1474,226951.95256053132
2254,136898.3451278116
2155,257817.41259057767
885,133029.2633294682
643,127792.13404372366
1944,111750.40657390222
480,213692.92873008634
2845,110172.93569154454
2387,326318.6035642356
2407,237687.31889166374
2527,176098.6907802454
2514,177417.821790999
629,151405.57330785473
80,217078.66346509953
1876,124978.51715149352
1546,131583.87340168186
2518,189213.416294936
2347,164713.29093738334
783,199953.92322206456
1322,80214.49184163612
194,102102.06140824573
1770,304386.9301528081
2143,147637.3269705403
1229,163290.70445410148
511,252731.90513017683
46,250649.5739458347
1348,189286.91861847645
2465,211019.0610212451
387,236796.76423543118
873,211891.6816287116
1918,115382.40655878806
2764,251765.89541517806
2184,126233.44988835393
934,138245.8258073397
1920,117618.39349301069
2631,127640.69707465507
1768,542412.3883038543
2040,118163.90088574498
1749,232330.32591053704
834,231671.32565880782
1457,237973.31411780452
79,145148.40526293532
2302,127509.21087134871
1817,144291.27693815
2755,217521.58008049073
359,201699.78412799866
2059,96597.26886341233
2092,250148.9776164621
2516,216432.830377008
150,107018.86149008178
1656,167242.76528198368
83,138163.26595754112
2411,185826.46528788493
795,86302.41235376231
2312,243998.5289143999
2917,103330.3382353792
1624,204622.3529190343
2215,337756.7650558667
1211,131928.70987203554
1485,169998.51227106896
1024,174477.4608563371
570,190281.25336136526
2874,124119.01765325441
700,178531.92021281447
2756,215123.0380098319
2022,195213.15192853892
583,246861.20808407135
2392,360233.44324006594
2424,209644.87002098642
212,128493.5367025747
736,139141.13054985914
1610,180929.34491632323
890,111245.83073047618
467,192693.28477284548
578,302777.77544536325
1747,204020.48368443176
1149,178056.04245986734
2758,229067.71007632068
857,149257.26974275667
2219,308116.44883659546
733,113195.29912141991
2909,106731.70866962279
1798,255748.11631792362
235,105735.04529577435
2366,115873.81583330847
1027,144260.97935634508
1195,127356.97889901637
1303,72729.0794956208
148,154223.8392031322
608,126087.67028083077
2515,213817.84918602486
821,247365.5364880425
2500,301442.84315514914
745,114249.4391179054
741,128756.03379985991
1611,148786.63411733403
2532,114078.0808471582
1081,218012.6724328194
1692,377099.2840791717
2520,185494.4800848324
276,135997.5822730419
1992,131303.0122199484
663,79977.76411357409
418,105674.75875949753
1733,220953.4171019896
2359,154825.8782239501
253,197123.3431893397
1518,151201.47577325683
2035,129149.98825525533
2919,88206.13426420989
1540,264188.8128973459
2120,137334.93197547938
1674,148427.25894073167
256,158275.53531759398
2361,87010.4748829328
978,102237.63786303918
2280,171163.19684216782
2095,224679.65622650084
1709,333175.63016251836
2801,253714.43018535257
1246,114679.48791324804
2373,112627.4620500902
1055,274830.3554007123
2017,133266.12930397366
1099,298281.70169691986
1344,110704.95374345744
835,193456.01563160046
1117,205391.35096233294
2043,89165.26904902856
2085,120422.67034468826
410,146134.50922097635
2650,127251.41022843824
2867,184005.64711215234
1668,103842.93643327757
1161,196425.073546847
2122,186559.8129864144
2539,121577.95368902994
1047,127049.43837922926
1445,136863.44985236166
541,133686.98571163366
569,211387.55278168677
1276,106487.33831875202
918,165940.2597316268
326,168473.42120798325
1936,119436.49569202223
895,87457.67226977734
257,155984.9880966448
1241,156189.16810835106
1545,132885.51101766626
1189,183107.5088040543
270,169998.51227106896
2066,208426.47923835804
693,114751.6496376017
1259,119181.21317351278
2916,162822.04208384667
2321,267611.0111294351
1977,121201.11647139738
1895,129094.08858189976
1240,138916.16904148125
85,134927.36508183338
1823,107640.77807349408
825,262868.37923198607
110,215259.12794254028
697,121045.89843365396
2297,120800.23378477036
1231,121717.70287241886
1355,138534.1879402182
968,285158.8595600354
584,225446.27517093337
1315,135090.052614989
1606,149044.11198832872
206,111605.00587869191
1685,309190.02128993336
2016,121239.70820099092
869,218995.37501358998
2135,121199.3772526717
2346,192244.71664563293
2430,228867.88849098075
2198,127775.24332563182
2652,113146.41962456543
27,106462.23592997986
241,148970.5012514801
906,111355.25890373356
1506,117570.64890164962
2098,345103.81891452434
1435,211956.8979142931
2213,145607.71540050916
1274,146991.01509945403
743,75275.1713752055
1737,199652.31783116155
2797,281971.71506659104
2185,111747.4118039873
58,196600.74979251064
830,211389.92395514052
808,159506.99028996122
680,154596.5036921693
1153,109885.60534549075
1291,144352.28115425003
1818,182099.7749378357
2161,205997.40703147012
1883,101898.89749441703
350,355224.3734532768
2473,145015.98617836167
295,188022.98327439773
293,200046.63458438782
859,139716.84376354617
288,97741.8868865116
1578,174674.95672790144
102,206642.73249137079
2831,176752.63890919628
1030,179054.2138949924
2551,126562.34122990121
1286,152815.26055561443
958,266879.66637276544
776,112130.88546361268
72,213104.1806047112
2263,229353.6776074188
1866,159952.52551826095
2876,83866.60383419975
2146,263479.5416504879
103,209302.13970435562
1500,146311.0940384953
492,196973.41428154774
167,107023.03421867722
2597,106702.98321490402
2685,108797.85815078208
1035,124820.61101810462
1220,80102.692494925
2602,157586.6599422402
2159,230308.62105751073
695,185543.51679652414
1109,286713.31676022336
640,150456.7948474991
1652,148332.67577693044
2090,194627.9616398019
1188,175429.21998066845
2345,259763.56826188607
1059,379646.8919454453
2751,232083.92126406747
128,195764.84291714078
1523,192767.6912684274
2925,159240.68192041563
2145,274942.70867678826
1121,214521.63094374203
566,305713.10768557346
565,254234.5981821416
1331,149388.0411834239
2928,117438.59892975527
156,131713.1338638884
797,148065.4367037997
327,92982.8995942043
2859,169974.82909990533
1453,127355.99577546507
1762,332965.1525783235
1868,204467.29873374314
1760,195240.5244075252
1113,229577.27630084107
1812,205078.86691810476
117,167594.4253731152
1142,213335.7565237304
2342,322094.005497295
927,156435.9899804908
2478,206029.16136514937
655,82115.08073572537
2064,110910.4326903428
369,256700.22800905717
2239,116549.27952275386
2732,195346.78821068525
1653,163739.2193822564
959,220084.1247170727
2395,324977.0114037021
1412,102763.68704814238
271,242277.3033977304
1484,169998.51227106896
1497,126047.93872155457
552,197981.94204113586
2,101717.23285907708
1855,294118.6606648802
4,217123.13578827522
2292,152533.9916163719
134,119046.13159930246
646,97431.59123515038
42,285681.36119601235
532,227157.8045700055
713,138768.3128890887
2561,125071.6832737528
2360,119481.71593819623
1333,127018.73341097734
1407,242482.31572335408
2892,268148.6724369543
574,246568.5886080661
1227,169196.52159070165
2591,198878.36160200328
1476,219527.49915697076
1125,258207.70194556852
1446,139052.85372545465
408,126553.50089212717
1101,306655.03965230397
2251,169185.63303742255
373,185188.71746824821
2554,108564.94284513389
2382,269065.66886858793
1985,97333.28122926061
519,223813.1407808975
1093,217128.0939741348
864,259430.98806080484
2889,154458.3576185435
2308,135997.69824131214
986,177120.684783131
1302,124640.27166345449
585,158786.05409101813
2708,119909.27174209079
147,110991.43475247051
1441,215389.56051370327
383,186109.2419173421
285,128651.95046415446
181,112808.1741365264
358,185513.98124365677
780,172112.9823026901
258,213687.4166148619
1865,240166.73662222482
692,139074.4296313277
2902,282196.17687219044
508,238670.28983334644
2638,146127.22690434923
36,140991.7392722643
611,133062.96539014493
2281,138226.18580739776
1678,115207.19248163713
1696,370903.2606744779
1557,106991.79819390777
2180,157899.13948627628
1726,247152.9969132062
951,150098.18309680934
267,234998.68150415382
2706,103790.16977628034
2221,231723.96257239836
1357,164221.7734339721
2901,271961.39276449144
347,209513.5743376463
2164,208650.8399607178
1586,278858.97199976956
360,172386.39834287285
1769,279278.66020393313
2617,169591.60037286545
1879,140451.77442295867
991,179075.4167382766
1535,149859.78702967573
1191,170000.0062264064
1579,214866.82187055322
1882,121451.18036854744
1510,118041.81377177288
2196,196122.40470772906
1845,193028.3145813849
2336,383587.8189170128
942,110339.27189665558
861,132193.15661012902
2555,111740.08745290223
1392,132851.05448240237
2099,235316.3094320125
1543,116143.49788508186
948,252300.5781344098
1239,162207.7371405661
22,183281.6594098387
2796,225824.1662067422
2747,184117.49776826572
92,317909.5072212245
210,177495.70633968269
1858,207942.21849395416
2228,153259.5557124877
447,241259.75410278945
827,227959.50949588715
1649,224959.51489946028
682,117186.9818827124
2698,109817.54161200364
494,196600.74979251064
214,112554.61473915422
2441,269618.255486605
2679,102094.07007670963
1336,112106.61830594203
465,204693.08131984025
1524,182976.36147025213
2543,108674.44575612016
631,121717.70287241886
2452,328716.7774033005
228,137078.7621373747
126,163795.12309871585
1092,250649.5739458347
1122,201739.23896976933
932,203489.53072447263
1980,106917.26529610035
2171,104202.4718876749
551,173680.52090177304
2768,190672.24347504997
2056,96457.51968002343
1159,376436.4652245018
2645,140743.74102445203
1174,208519.5442773777
2266,207397.3405474051
2462,358329.711821198
1219,128427.0264900424
2922,184596.6270143843
118,123292.68661305249
474,192101.68919956472
2576,129597.18564209987
872,254202.56704691774
1077,248494.58907373977
1536,149483.42608649505
1150,114264.41309167675
2341,293016.382465723
1931,121885.75634894309
2785,128562.48775565706
2538,117385.4781873625
597,217364.10476187553
464,254513.12057168904
233,205533.47327056562
2169,117194.9732142485
2123,197993.13527703512
1867,169334.83030422195
137,225973.44112845458
515,244133.1483200975
933,116143.49788508186
2784,167084.35944581626
972,191949.95873663106
599,174486.44059070805
2614,121890.54577611602
2582,111220.5142073782
1409,156836.1870805355
175,113286.16880795434
352,265848.77298332413
976,110158.12107003332
2134,210598.4506561227
984,127195.46310375525
2396,319922.75857420196
1673,135177.3741969178
404,115873.81583330847
607,134986.39777154732
814,150537.0164203317
868,214315.77893426784
2271,189212.20002289815
1633,278904.15662548854
337,228248.94599566376
2765,165472.60895905743
1746,225657.83000163117
368,293274.8764345952
2806,208607.06681322795
1662,204015.77061557496
1234,179784.84208240276
1373,111224.3500581187
1672,87010.4748829328
1939,111516.01248502808
