Id,SalePrice
2658,173339.66306395762
2718,149731.33617396594
2414,223766.52493966752
1989,99166.77171486431
625,155291.49917570045
333,105476.66822074933
1327,109019.77209958826
858,137260.02188734518
95,221062.9645274131
1568,165570.60304660792
2482,164880.12858700874
1364,112997.41796917235
2584,143595.37905730546
818,325211.91265766707
2673,153749.5117342415
2089,129775.83527585585
1297,147020.11903631935
790,132060.3514573179
2616,192379.47882914462
720,177638.98807728066
222,130599.59770986746
557,124091.78187572636
1148,200465.28736441556
2766,171701.64143275563
534,178041.9996121166
1452,145407.52590554883
630,132184.17009933083
2648,134027.68538290824
125,139729.41244032193
1904,70220.33504532569
1670,99757.66299164204
756,85375.41858048171
717,218152.54094367236
1032,151923.25211544102
852,214942.2621173537
1731,209833.97345512136
2639,115108.28415436881
2071,91606.14389120672
1267,110606.79067578055
1851,184530.62826076034
567,181690.63850232822
2439,214857.33725554572
1898,142502.23703130957
647,130962.70074574466
2256,207642.53429607168
979,97443.2741102147
1444,244851.98938019518
2485,161867.4757611821
157,125953.00468938696
88,127081.79819214778
2003,111648.94029165753
186,244519.5052123364
1425,234031.54882470478
2695,114015.59167442609
738,106923.54790187154
395,138231.55221110675
1353,197976.17683257727
1878,143260.08298061485
390,172003.13701529178
1456,227733.8650578866
1103,292548.0738888064
1387,121021.54505779862
2070,136652.00632663828
1199,206261.30941010453
2479,182902.98569895508
501,296613.6945109619
2362,82737.10750581628
1718,221366.14867358288
2188,58814.91996810684
1483,164202.73147224446
2557,82654.64585470644
437,345646.0310238032
2224,186368.63905654088
1628,189019.24830158375
397,127527.58992703326
587,208447.7514098918
2182,525988.5904203252
971,184492.35858214635
2611,131100.77714196627
1887,109358.57381810123
2399,311360.6914232349
2148,209896.38429800532
304,115233.10584013673
1997,112288.59100078631
2817,135600.99728740202
1431,201637.21689769105
427,297364.72363685817
263,157899.92932070143
598,186835.7681026441
2895,218905.1262083058
687,114281.29816564253
1822,127880.26812706608
2191,101390.76974246952
179,122936.3870189577
1009,237055.91873026278
2010,126995.15430526395
1991,138600.50312388656
1411,151496.87109832448
1721,265183.52102494927
1144,223097.35271778415
593,252145.14216292152
575,268064.4483137094
1249,179982.96295750616
1604,140923.28075426348
1064,386123.9205514041
1923,133961.3169369571
1988,76717.91604110741
2325,177446.49486395688
114,210267.001389887
2700,186109.58453780643
217,160034.66599680478
343,152943.0991639898
386,230816.6813644456
2005,119488.02148979259
2908,139208.12915307604
1814,207205.65839588392
2446,484405.02260084206
208,152327.22731961714
1679,138761.54164614715
822,271043.24115374516
6,182956.48070714134
1781,308311.4301901706
2397,292229.20285097754
2340,306064.68561279547
1618,175788.14961018294
2843,133924.9445035449
1061,352948.0996412273
2786,143177.82373593468
1935,129162.70518056235
1341,124409.56224292822
521,241610.0083177578
2136,143240.65428048113
996,198962.46648837824
227,130726.31208466247
135,143688.04304610493
1167,194201.4107598014
294,236200.2986371324
1776,204279.4084384484
540,171551.27195218412
1717,221366.14867358288
2303,136153.30919098895
116,190098.96360200577
127,118257.6363015087
1371,134598.29880356163
1014,170368.6733772196
1507,86172.65600855496
702,157576.46731840732
750,164780.46175415657
261,155198.68129913657
1559,84201.04044528572
577,227061.09822430916
2812,223559.39824277174
2080,154396.41006410716
1368,102199.37160716098
2376,123466.9299516999
659,91320.83718088001
1235,133174.8307945316
332,88456.11273492358
1917,134298.225966443
2094,244085.5058934857
1460,280611.3398538593
1471,193831.90634931976
1509,109509.13996420728
1922,114489.1339571597
433,418499.3788376355
460,271174.96194181
1116,230322.56159045768
1137,178432.40364978873
53,190299.37963244
2354,275068.23779028765
1475,209022.6324976298
1761,560100.4591843953
842,143910.08537799615
2739,150262.96840619232
2509,187548.3418987233
1007,215419.0348415014
2610,159292.6464561235
1952,86818.34065853675
2719,148928.9110511721
2921,105476.66822074933
1966,136968.01572893368
292,126568.41033484935
1204,239671.00452127025
1829,279855.1369719568
2419,209329.72606522747
391,169765.2625061667
798,123310.85207626148
481,223329.64903947976
193,182453.53881404374
555,127033.26383078369
899,81263.77564186376
2357,198772.42796569108
328,122846.7767107358
1356,114148.87964883853
1154,107674.92420320802
1730,195599.34063075494
2249,146334.44892058632
1119,264066.0977733142
2856,135509.77644157648
1394,138784.78350841792
2587,122431.37412310395
61,309186.91412375926
2661,201513.70070871944
2711,116496.63990711822
1147,188626.95157488453
757,132351.50845973886
2623,93104.0041204219
2378,137306.61779323453
1413,134417.46764951418
1722,252059.41234992095
1112,219618.59930638416
1623,203028.08711053373
1201,195277.42076418898
1513,99464.94944776427
957,274291.3604622974
1171,238901.45074624097
1145,202931.90561788602
2726,233060.415822392
703,140076.57649583078
760,84111.20550435699
1964,130589.23873219587
2512,201958.1869468086
159,120764.53273629476
1281,176796.4924665756
468,199664.96125291043
290,115993.01428829049
665,95076.59022677639
1463,279550.84014438704
1792,239598.98486395105
923,162291.93018484983
500,278944.40282912884
1408,119970.69265854436
331,88793.02176440945
170,135964.48401115966
2192,97429.186992566
2571,275770.7897579677
2314,177286.00983939812
2647,93638.95420228447
422,402522.20305934025
2457,265784.79137112363
1838,203218.42410942097
2805,253088.64276158542
1645,182651.4496383921
1711,321045.1805939744
2825,225128.53938312095
322,280768.3543100977
2103,236599.30921764512
342,117222.34002148095
600,117458.40086063053
488,193441.50231164764
1725,304315.119513196
2246,246305.755055477
2847,141338.66983502998
806,241230.37629137025
530,246901.05348137507
963,189498.81068623296
2678,101281.88703706992
171,78768.55802158057
2401,384804.37701614306
805,228607.6168582621
2259,239018.7054453636
1748,216152.40210782364
1361,135556.2483040921
1677,131689.2222320151
1406,128563.28175696735
2322,242345.06195084553
688,163144.287045534
143,142803.9322680578
804,222116.88919832965
1214,152937.71881550513
2828,140682.7137732393
1999,190132.13498762005
2467,214572.23686748062
2665,178891.4540719691
1538,364476.6615700872
398,116388.5006969054
2822,135770.78183453894
2157,164202.73147224446
1856,194261.06137509778
1269,102733.1055939481
2570,120325.05049628383
2320,244672.09480694772
1517,149480.88941288716
2304,109759.40544383529
1312,100469.92672370377
2012,116906.9933741998
506,248113.4464444496
2865,228523.76496240456
2367,119331.87534098982
554,133457.1177287025
238,135225.47277500478
1954,106118.60831898442
2488,150524.84546206208
2291,84175.0963307355
1969,110394.25378600942
2725,147009.43223671516
1482,164202.73147224446
2763,215820.45372515995
503,275469.2897958706
1584,235736.53575081576
1531,178618.0071107615
2210,210447.41284227197
459,319705.9127002909
556,93774.23860747983
1347,154990.8752560716
1290,85971.33636225435
1388,96984.61135275596
1571,226841.28820108774
2754,199598.59522215094
765,142654.84527870768
2494,112181.37591342685
2870,223092.12894247242
7,266950.434174389
1114,231510.43010410148
2418,285470.9543836661
291,175020.1216248059
18,300645.7508056152
39,321573.2773399877
1001,252624.85880149057
2442,240133.72862355196
616,123830.0329875771
2680,70637.31677726957
1414,130259.79294759949
289,145584.66964998812
40,264470.2542491325
860,146744.90111020528
409,113292.31976442746
673,141566.07438805007
2427,190112.14710378807
2036,175213.8810395037
2564,130420.72751821147
642,167411.63603373585
1008,202760.61206960244
1908,155793.30037886545
2519,187865.15043770368
1369,91198.20213327277
2855,201355.15413963544
712,90439.61268878066
1943,107363.70239598321
1958,113895.73063548033
107,155982.1255586947
2295,169635.48017357662
704,102618.41583795332
676,102198.15551208552
259,187129.09134566935
93,305542.40023124457
106,243149.34325022623
2315,192157.62211517745
1050,108923.14106088736
1095,223392.0598823637
2709,113964.54285296873
758,166007.10239069373
1496,120016.75181552744
2370,129063.00618406635
2458,251428.40481878436
2733,115559.03412088483
161,266578.94787250966
726,137380.039229247
845,203273.77529419406
947,243512.82997398384
2232,119926.11348505582
2563,154616.4101987678
2299,162008.066617497
211,143455.72361271034
605,176705.44143057143
1478,206856.08466608642
2247,246305.755055477
2274,186300.81802078153
2869,185156.05569326167
967,241908.18605065777
2656,115334.245564415
667,214184.54254194684
1042,119331.87534098982
2023,153589.02670968274
2447,375932.9151696605
2055,134416.3184556739
2275,259702.2994182587
2204,177888.67721526418
1563,247803.61528469215
483,250536.8671154611
796,125224.51258399794
1526,195575.80056649263
2042,171281.99793781384
442,313607.4817670577
1693,333598.67584834935
1468,230417.53130189714
1430,220928.0272976579
2605,176934.1875901084
1529,227737.27881997905
335,157621.47594622397
1287,114992.37830329858
31,117442.46188026221
1785,240747.23485092848
82,180816.68037969107
2620,107631.85403086613
252,195354.65790604125
721,67213.63625334913
2165,189987.32541802016
2316,192168.60044872365
775,102522.73494478126
1558,81274.87811472217
17,224741.04274742992
1022,206136.90742599906
925,148760.64525784744
438,276809.76947076235
1270,151407.7127513474
1272,112315.11343389249
215,159281.4542445183
266,244549.33562002823
2402,301708.7976334911
1250,113989.13811946656
1984,97697.84562790296
1279,138205.25425306679
377,263974.670605227
1252,160238.34428995528
2156,260410.3992249917
499,333145.82445535297
1374,126861.41678479832
2898,254051.34658667643
401,102201.34519400123
2721,178790.30360686156
2078,263481.8631668512
2589,128676.28946006388
1946,217695.71379480424
1334,122396.47629027296
2781,218000.39341866804
431,346002.6644117116
576,187223.21033946858
1474,237122.44531683627
2254,138026.7836713482
2155,266870.6305152171
885,108720.36443267543
643,141038.59699791134
1944,94545.59533278937
480,215695.63203939202
2845,101413.5620586871
2387,335374.9894520419
2407,239719.89712829108
2527,191971.28888852475
2514,183616.45879703344
629,157810.72520727664
80,205994.9975660225
1876,137464.79042710373
1546,114323.69070097037
2518,195045.6548284962
2347,158728.20264558922
783,198700.8513962683
1322,75379.32474137555
194,97483.7414558457
1770,296501.7438477672
2143,157364.97923883886
1229,177493.82026202403
511,254424.12527721474
46,253282.9442023556
1348,180918.12255701065
2465,213136.78748114943
387,245385.36158276445
873,202400.02349381853
1918,128281.480688463
2764,247928.23064819849
2184,127022.9048531121
934,127392.95310456844
1920,131302.5055080126
2631,138643.57329622845
1768,529021.7521172073
2040,112854.64047469676
1749,238475.58969203965
834,221118.3157121862
1457,254068.8999587783
79,140004.94978039942
2302,121966.15368808474
1817,139184.69298821015
2755,219570.06494502007
359,192436.07548965493
2059,109146.0369283301
2092,251325.16366802578
2516,233665.51498254354
150,100820.15632181612
1656,188440.6183482318
83,136631.15488108707
2411,189238.39530341257
795,100175.2640794605
2312,236701.13226493384
2917,94409.9976239664
1624,194074.526575185
2215,330895.3789615043
1211,144116.00311159497
1485,164202.73147224446
1024,176516.61187118123
570,183402.47876428842
2874,122129.00124934167
700,177291.5644732036
2756,212330.40717048
2022,188687.7697665911
583,260848.17442717863
2392,369199.77360612445
2424,207087.89636822685
212,114353.71679898741
736,130294.01314341644
1610,201327.95467429748
890,124322.85008268002
467,195599.34063075494
578,308669.05221610534
1747,202863.85322036105
1149,163917.2184396561
2758,231777.90514503277
857,136063.40734882504
2219,297585.8205308619
733,106941.37957126695
2909,103361.97260020622
1798,255941.70986485243
235,110638.55282284267
2366,127382.87407302143
1027,160344.7607169009
1195,124581.4092889136
1303,63271.62122188612
148,166122.79519044352
608,138315.74991126166
2515,202874.4554218242
821,249288.60449133412
2500,305049.9668240221
745,100370.40939905509
741,123343.74140639085
1611,152048.64980582747
2532,127033.26383078369
1081,223833.89642937365
1692,379026.9161320274
2520,173671.14159895026
276,140504.8630111242
1992,121634.6751530921
663,62980.677270785614
418,97406.19502213632
1733,223802.18827845837
2359,156551.9954841613
253,195105.01453450538
1518,146569.36665461172
2035,126062.32749400544
2919,88456.11273492358
1540,253483.43541830243
2120,128523.24737877672
1674,157845.21094677478
256,175125.32195667605
2361,99971.64302438706
978,105813.5772502352
2280,147221.8152387219
2095,220848.77817240646
1709,341937.04378955613
2801,242213.18060696672
1246,109520.11829775345
2373,119331.87534098982
1055,281367.82350014034
2017,127307.20851968377
1099,289500.75111121684
1344,92034.10395669678
835,208371.46408548794
1117,207961.64816860238
2043,75558.85753040518
2085,110546.98617271976
410,142228.15854637013
2650,117170.02860770037
2867,185235.32500617678
1668,113738.43529283725
1161,194226.30208730767
2122,178157.86895074655
2539,134210.51076243978
1047,119230.26567310194
1445,139362.26618697753
541,135422.85459442507
569,208545.13261182903
1276,113666.36512006877
918,168157.54637218764
326,159691.11279294183
1936,125462.63378101293
895,101280.82758197647
257,142795.60604078247
1241,168214.0611565297
1545,119363.19980402467
1189,183519.0775950962
270,164202.73147224446
2066,202701.56922236326
693,107339.07462881561
1259,116522.38436745634
2916,179476.24928915827
2321,268452.6884445872
1977,115761.20258615004
1895,140034.44350907113
1240,151684.1036269764
85,137064.3213608936
1823,120662.39720979698
825,264124.5534283226
110,226143.0976160804
697,111608.31630604455
2297,120499.66840493897
1231,134344.24828290544
1355,137292.94338111836
968,280511.8576027126
584,223923.9976479294
1315,104138.06292443948
1606,136153.30919098895
206,119722.27937866194
1685,314249.4218652927
2016,119584.03317261895
869,235907.34467954416
2135,123213.62705057727
2346,193309.08379484364
2430,226642.3843591521
2198,126689.99919314103
2652,126141.68036101274
27,114800.73862552633
241,148172.01491931523
906,109914.30771347975
1506,82428.005435517
2098,348925.11973708554
1435,202462.43433670248
2213,143544.88195968742
1274,142163.1757642284
743,52377.687316360636
1737,202469.49399481335
2797,269254.90724511945
2185,107409.28461322676
58,186397.99290045717
830,209916.2784662492
808,165976.0327596402
680,152453.81755509996
1153,123021.13821681443
1291,131276.64764919155
1818,187596.9319015856
2161,208331.152579084
1883,114009.12202645728
350,348414.90042691526
2473,146264.50958683973
295,200126.8314502
293,200222.34782052547
859,157364.97923883886
288,93311.13081731768
1578,178356.11632538488
102,192222.09545690988
2831,174759.03398788476
1030,174793.79327567483
2551,139861.70681781368
1286,140157.11295724378
958,263018.98992580664
776,102611.89329175836
72,211556.79205062776
2263,230893.17501111107
1866,176730.17220226376
2876,78874.33194287763
2146,270920.3121570043
103,199711.39660298583
1500,140682.7137732393
492,186754.62628836554
167,119794.05560229681
2597,107174.1943171624
2685,102733.1055939481
1035,137103.19639237318
1220,75272.33472500303
2602,154644.6008458348
2159,236540.8535626367
695,188382.7386978419
1109,279588.40542621235
640,159505.47729502825
1652,150127.63385498835
2090,197244.60853969402
1188,195116.51603796773
2345,250343.6783560909
1059,386409.2272617308
2751,233295.48973267048
128,181259.11091368427
1523,196033.58190837846
2925,174294.7061868152
2145,275679.47519655403
1121,216699.16617235763
566,303757.3313486682
565,239558.2003225241
1331,147679.89080394985
2928,106954.87270193236
156,133988.35839018386
797,129885.7774363489
327,105476.66822074933
2859,171808.07795142636
1453,139433.1731628967
1762,328794.8971228707
1868,219330.03038791948
1760,185096.28103459158
1113,231107.1550438561
1812,194511.40247537277
117,187408.2742123246
1142,203781.9778719635
2342,326387.82807675085
927,169301.83875609792
2478,195420.81761453912
655,91223.76604296023
2064,124001.88003356247
369,264017.6091783978
2239,110151.08006244236
2732,187833.4422867884
1653,162740.32825955848
959,221811.8946420207
2395,334091.1092555718
1412,83539.95233027262
271,251999.01823943778
1484,164202.73147224446
1497,121080.74846085176
552,200454.3090308694
2,109101.45775484154
1855,294254.9535039444
4,226593.4917521313
2292,154358.7001485248
134,126566.13478468044
646,105000.17379389518
42,290593.64991342113
532,229950.15903200232
713,104082.67522722614
2561,124409.56224292822
2360,132204.44795545517
1333,109954.93169909275
1407,246032.5716196788
2892,268550.55630400043
574,235374.7353938236
1227,173082.10690147904
2591,194830.77987331292
1476,222648.0904145783
1125,258295.49022504775
1446,141457.48734093923
408,138761.54164614715
1101,303616.5799365393
2251,180893.17402635652
373,185608.7007639964
2554,102510.20972650536
2382,269748.4283901765
1985,96706.00133829651
519,226749.37437552464
1093,207200.69774906174
864,271990.2123207294
2889,151255.98967372192
2308,147522.30151217317
986,157867.32186778696
1302,122838.3128372829
585,174034.52216576043
2708,123664.9710040766
147,123802.22602839052
1441,226267.91930184833
383,192381.83698628185
285,138067.5615447256
181,110633.97827909255
358,175788.14961018294
780,192613.67853281304
258,202749.63373605628
1865,259385.97753675428
692,121492.02179792876
2902,277676.62216884096
508,239809.00970882052
2638,144559.34865975156
36,137306.61779323453
611,143832.58909029534
2281,155938.44568720536
1678,131689.2222320151
1696,373307.91090292006
1557,93424.97416953945
2180,157664.48072440206
1726,248778.38518116387
951,147083.3790351939
267,228088.43594694653
2706,115819.0364700923
2221,232294.27339426358
1357,158433.60354446288
2901,272826.408093287
347,198755.33979148246
2164,207295.02306512263
1586,291740.8486750043
360,163435.7633659798
1769,272473.56933744025
2617,176095.65902930484
1879,156995.6517177049
991,193968.390094364
1535,152768.81568394115
1191,191289.73026362326
1579,216819.02721130342
1882,121287.96064363644
1510,136652.00632663828
2196,196223.0359910524
1845,178034.9399540057
2336,390180.6253388619
942,109152.5065762989
861,136272.00703308542
2555,111440.97794563652
1392,145879.89523876755
2099,236599.30921764512
1543,105293.49703692044
948,250333.64983999322
1239,162608.0636305189
22,184942.07566051665
2796,236253.6541632829
2747,183400.3797529997
92,314386.9082513723
210,194399.91343015
1858,189915.04892299004
2228,137027.0152249168
447,248082.95007474255
827,230506.89597113588
1649,229560.86767573026
682,129731.25610236729
2698,108653.21983322717
494,186397.99290045717
214,102675.86603401513
2441,275317.8811618235
2679,101261.99286882604
1336,98319.76741858193
465,207082.9357214047
1524,177452.09526421002
2543,121862.07970611221
631,135225.47277500478
2452,324729.2765007153
228,133561.96722019656
126,171732.2411201996
1092,253282.9442023556
1122,204466.64096710028
932,219065.06739188987
1980,93353.64749195777
2171,117582.47905121167
551,172043.49903714497
2768,207286.80021016247
2056,109012.29940786446
1159,370396.18182238296
2645,141128.9389392941
1174,198962.46648837824
2266,204309.90480815544
2462,356427.29190573475
1219,134066.41426430253
2922,189986.37560057172
118,135640.99950194883
474,190299.37963244
2576,141397.12307484678
872,263411.28665250586
1077,250062.26537763403
1536,147253.86919393454
1150,127211.58052473787
2341,298771.5328300692
1931,117976.66846693796
2785,145321.5792512605
2538,130198.38514847052
597,220923.31654267688
464,255821.89459235434
233,190034.90996193583
2169,125071.7801972876
2123,181309.11378691354
1867,185498.39289798768
137,235273.55955982476
515,245984.78500635945
933,105293.49703692044
2784,165731.08807116668
972,178371.8489834916
599,190638.87433069048
2614,130446.58537703252
2582,104082.2625216936
1409,159751.93098464844
175,113131.03135032575
352,254887.58812568168
976,105813.5772502352
2134,220314.03441280551
984,117660.89748485431
2396,324520.46343705396
1673,112142.92058360974
404,127382.87407302143
607,139251.91255452117
814,147082.3735762473
868,223871.45245719157
2271,179537.76083004306
1633,279905.4202874544
337,231315.1324583921
2765,186746.609755667
1746,228514.7096456711
368,297650.03034718486
2806,219777.19164191585
1662,209518.0712752794
1234,187067.5340383369
1373,123143.89740373389
1672,99971.64302438706
1939,125462.63378101293
