Id,SalePrice
2658,172172.69112527443
2718,149594.74921960558
2414,225019.1865184159
1989,99327.6823143593
625,155158.6705948929
333,105949.43985551303
1327,108799.32744008604
858,137984.72179550581
95,221524.24982368908
1568,166639.1216277348
2482,165185.44382095695
1364,112864.44819794883
2584,142349.6742048787
818,325816.4893534485
2673,152291.89657275562
2089,128939.91724628443
1297,146633.59271122905
790,132028.23550420225
2616,191234.75778936443
720,176256.66315776724
222,130415.27296067258
557,124412.19121762206
1148,200586.95062103588
2766,170877.87506423198
534,178907.4286342762
1452,144803.6667344116
630,132237.5697569704
2648,133154.8756744262
125,139274.36400944713
1904,75392.52010364123
1670,99616.34080702731
756,85749.75598132261
717,215568.8796867043
1032,152381.77985126074
852,213718.08320154008
1731,209844.5509039703
2639,114796.48582530551
2071,91991.24753959289
1267,110339.28662629881
1851,184253.2530704678
567,183319.41967584883
2439,214464.37096135368
1898,141964.9668572683
647,131052.32027095271
2256,207551.3727834026
979,101631.17190786026
1444,244396.12815134117
2485,161335.31898337422
157,126101.98807411382
88,127785.46348715591
2003,111439.72085760579
186,243312.92020376225
1425,233324.60276566376
2695,114519.8724116196
738,106854.44912337678
395,137820.91938425755
1353,196950.20983170575
1878,142700.34062596541
390,171785.47603506746
1456,227830.61906882635
1103,290518.5787176547
1387,121405.94671686714
2070,136483.7353968965
1199,204324.88910799514
2479,183457.55229064275
501,294463.64270031214
2362,86577.4051082371
1718,222397.7888030372
2188,63453.76225305117
1483,165566.39857230216
2557,83305.1856128647
437,343863.9809089845
2224,185217.61428647104
1628,189392.4511768335
397,128218.03629227186
587,207318.04134878746
2182,518571.7500425745
971,182613.2928180848
2611,130813.72469357753
1887,109128.08277197416
2399,309811.61650866905
2148,209905.1110966865
304,114917.60621073798
1997,114043.59944572156
2817,136424.62293988274
1431,202507.80705733894
427,296142.8006192035
263,157485.42101784234
598,186346.91175676644
2895,218392.13203180645
687,114110.25787668275
1822,127776.57884946531
2191,102269.41057073601
179,122392.46428314151
1009,236671.9159368219
2010,127202.4223054208
1991,139159.4525726121
1411,150888.40980725747
1721,264132.17985903524
1144,223286.57526168303
593,251473.019243038
575,266449.19904904475
1249,178529.81205416634
1604,141938.98127402607
1064,383141.5916135123
1923,133784.9658451713
1988,80825.88610650752
2325,178162.86115602357
114,210569.93535274133
2700,184279.23865371005
217,164197.51454641222
343,153582.81891216457
386,229950.47738450448
2005,119917.89626726828
2908,142523.28236161344
1814,207127.45143438896
2446,478341.6723099763
208,151899.5665610017
1679,139118.87098119367
822,270110.3425421137
6,183509.46102725665
1781,306273.42904980667
2397,291159.56190426776
2340,304672.6515838916
1618,176553.69032099226
2843,134042.96116581548
1061,350949.5234567837
2786,142328.3214971896
1935,129216.51227094862
1341,124693.50003574832
521,240678.34045263482
2136,143875.8786489867
996,199912.37022664328
227,130450.36353728015
135,143115.61051887673
1167,195292.492668005
294,234532.36180539124
1776,204454.6937522256
540,172609.16859178804
1717,222397.7888030372
2303,137310.45225928546
116,189513.34469021516
127,118723.99532514828
1371,133708.5688649746
1014,168997.6002193473
1507,90783.94526186485
702,156876.9167363746
750,163867.29326704828
261,155391.45147337145
1559,85589.40320546518
577,226014.05834157334
2812,223946.65753233834
2080,153614.10323168623
1368,105551.7476469349
2376,123494.10807881746
659,91714.4009443187
1235,133109.66751699214
332,92910.50415672282
1917,134199.7509858843
2094,243697.3895604792
1460,278223.57308201806
1471,194150.2672809106
1509,109363.37139304925
1922,114890.18571770683
433,415428.5742167564
460,269945.9583597935
1116,229725.5970270991
1137,179374.1225116031
53,190889.21058378957
2354,274799.6649311588
1475,209057.26839865925
1761,551792.5346186637
842,144837.2190683029
2739,150279.24935318506
2509,189003.42633507235
1007,215009.41269579975
2610,158169.62888910988
1952,87345.41561264764
2719,148816.1181703969
2921,105949.43985551303
1966,137574.05204737696
292,130069.72267029667
1204,237615.44061910824
1829,278673.9397032096
2419,210138.9335930374
391,169613.9605533854
798,122755.8254394389
481,224595.26516940226
193,180928.44945301945
555,126954.69051974503
899,81955.55846090296
2357,198544.66294112807
328,123676.02183855444
1356,114541.55031922988
1154,107298.8338258865
1730,196815.6911954663
2249,146877.93391649134
1119,264123.7681008973
2856,135464.56288313534
1394,138465.4035965258
2587,121929.47488686655
61,306576.16599575686
2661,199511.29240860214
2711,116642.63959797919
1147,189011.78710833148
757,131528.40192719025
2623,93444.69216478246
2378,138322.13509987234
1413,134032.06636364016
1722,251397.23647642188
1112,220122.71393511342
1623,203857.4342093007
1201,195153.29214901908
1513,100400.69605263513
957,272168.6199689616
1171,237883.37787813263
1145,203676.23838335028
2726,230417.1959603906
703,139808.07859869773
760,88871.48871105409
1964,130600.74524731965
2512,202819.25947702242
159,121798.64955481376
1281,176025.9827136861
468,200760.7551781237
290,116526.52547515929
665,95475.02143228785
1463,278277.801854901
1792,239510.62706041007
923,161071.16712331073
500,277230.4268966912
1408,123667.64515458069
331,93325.28929743584
170,135905.7871443536
2192,97552.43450707148
2571,273221.6800113374
2314,178007.13494618185
2647,93963.77953092159
422,399925.164881401
2457,264919.95363292063
1838,203425.17047604965
2805,252600.28014321855
1645,183301.34132860272
1711,319121.06802696246
2825,224889.92433447723
322,278675.53565401945
2103,235816.22212313162
342,116758.66705421943
600,117975.50787749681
488,193683.57340358366
1725,302103.4206921129
2246,246890.06754507805
2847,140249.0696783277
806,240055.378112013
530,246596.16960820922
963,189945.65961518363
2678,102251.62290633308
171,82815.72101004086
2401,381861.1761103691
805,228678.4617668536
2259,237178.00806638834
1748,217630.84300703555
1361,135421.79035482206
1677,131384.7207963306
1406,127763.31921636905
2322,242175.27553992427
688,161907.05792531164
143,142453.24010749653
804,222380.20172436547
1214,152874.68618388072
2828,142164.46790251564
1999,189250.89865284023
2467,215225.98978120091
2665,178459.76997670898
1538,359992.7637140703
398,116937.33314521854
2822,135433.11750001754
2157,165566.39857230216
1856,194746.415625224
1269,102788.26475528687
2570,119769.3737778264
2320,244433.30558262952
1517,149021.39459546906
2304,113992.8094895916
1312,100396.67116254849
2012,118525.05370672274
506,247313.69169487245
2865,227083.45810129467
2367,119393.80263851659
554,133180.5719557471
238,135099.50242052547
1954,106572.34469488
2488,150364.72881271195
2291,85894.56269042983
1969,109937.52793709376
2725,147433.94908748096
1482,165566.39857230216
2763,216437.19363552556
503,274729.904512511
1584,235850.57637693087
1531,177118.5545828852
2210,208759.44089499494
459,317909.3794204395
556,94737.14643737026
1347,154367.99446670213
1290,86523.52728292735
1388,100402.4319597427
1571,226125.57059242044
2754,199912.67929850818
765,144666.70780856215
2494,112455.33484445684
2870,221900.75114380737
7,265634.9616139597
1114,231749.78618443172
2418,284022.3687068408
291,177867.0667586861
18,299326.5364648568
39,320505.04943272343
1001,251691.3284826458
2442,238991.24901142775
616,124131.15538909759
2680,74925.59304472603
1414,130174.73149612013
289,145240.70827875572
40,263440.06337084976
860,146101.38514975947
409,114236.24812942825
673,141056.56396652482
2427,190707.53000564087
2036,173903.46709793652
2564,130438.55163988637
642,166331.2589498967
1008,203597.89052623112
1908,155146.62551591086
2519,187488.89765273506
1369,91711.63802777912
2855,199848.9258618048
712,90663.78304743975
1943,111434.48622590177
1958,113619.88779539015
107,156551.29063084268
2295,170271.70439874992
704,105958.3660837439
676,102269.17738914774
259,187558.3424831419
93,303911.26594563265
106,242788.98666973572
2315,192437.76372484976
1050,108510.03768021116
1095,224655.82536211848
2709,114185.62606492062
758,169122.62869775246
1496,120673.4162217518
2370,129620.05693304581
2458,251077.13911701215
2733,115928.36044998509
161,263146.1456640374
726,136407.82316889812
845,203312.15929326633
947,242270.15087420662
2232,123624.3878740691
2563,154004.63331040475
2299,160600.19678528715
211,143666.36993334588
605,176025.4979614878
1478,206954.96456579576
2247,246890.06754507805
2274,185827.82439062733
2869,185419.91928171203
967,241751.35419091064
2656,115798.10385625203
667,213089.05383760855
1042,119393.80263851659
2023,152136.1703629139
2447,372214.51187344035
2055,134430.57738410734
2275,259105.69037996407
2204,177078.29340050145
1563,248343.51217026764
483,250791.38297864952
796,126997.92310169741
1526,194328.81211632706
2042,170088.17495681386
442,311991.7834464534
1693,331302.3182190275
1468,230434.70735562436
1430,219516.1097008588
2605,175465.10419175957
1529,226408.1597731155
335,156343.68038294624
1287,114684.01689597538
31,117872.17515646726
1785,240712.6947064341
82,181433.11156270013
2620,108325.42984235927
252,195794.5861938044
721,71603.43390143556
2165,190586.4096202084
2316,193319.96067667627
775,104097.7703694693
1558,82082.56738589819
17,223271.32009192603
1022,205690.7656816435
925,148813.98631422562
438,275413.67861645913
1270,150801.8952462343
1272,112585.10668599162
215,159402.89034764172
266,245185.73069292126
2402,301229.60523675696
1250,114698.30532103042
1984,98018.5495263696
1279,137903.0589498751
377,262125.24262902848
1252,160154.3524744293
2156,259538.20568382513
499,330696.17403841193
1374,127072.65046388602
2898,252496.17198714754
401,102299.32099070497
2721,178244.0624321798
2078,261003.63341997628
2589,129528.1978722204
1946,218068.20447878397
1334,122652.24114779936
2781,216685.53264463544
431,344210.0391530773
576,186865.9928133681
1474,237979.0677596896
2254,138728.74702030525
2155,266061.46108622843
885,110669.04681361889
643,140740.2517992374
1944,95743.44975304801
480,216316.0732500931
2845,101507.84925214367
2387,333897.5034791131
2407,239423.6212308125
2527,191330.15047170213
2514,185188.1341939497
629,156819.51698494985
80,205864.8235956487
1876,137076.8941594581
1546,114035.15768830145
2518,195507.74376222806
2347,159215.9391103569
783,197948.0296377778
1322,76245.59743337249
194,98566.10260674523
1770,295138.68945788126
2143,156966.33365170317
1229,176614.76648084208
511,253984.02836739126
46,253456.03145816375
1348,179526.4288122455
2465,213833.10534872758
387,245125.42207081502
873,202464.31659523907
1918,128165.89437406967
2764,247426.16714057868
2184,127140.1628063921
934,129014.19712573601
1920,131292.86173550517
2631,138132.85655613933
1768,521547.5288371552
2040,113481.21292714303
1749,238420.5435915179
834,221411.23864090574
1457,252468.18826541468
79,141047.88129548723
2302,122672.44010477189
1817,140251.9473340739
2755,219291.9409677025
359,193579.50435974586
2059,108726.32408276913
2092,250722.37191556217
2516,231886.14101640973
150,101715.7173801876
1656,187904.17385518385
83,136260.4903281726
2411,189859.6873076136
795,100217.08298658568
2312,235660.43841203497
2917,98775.70664189674
1624,194297.8267868483
2215,326419.47706812026
1211,143530.88041178804
1485,165566.39857230216
1024,177036.65831856502
570,184980.49924749404
2874,122392.69746472979
700,176123.6436474946
2756,212266.95861261958
2022,187849.36276426454
583,259036.19435783982
2392,366807.1577401359
2424,207179.90242445606
212,118217.22781011979
736,130403.4610632788
1610,201193.04360993396
890,124324.64786464008
467,196815.6911954663
578,305761.90033018007
1747,203952.6577276811
1149,164251.0865619065
2758,232009.32986750128
857,136911.45648661998
2219,294097.63706985686
733,106871.7520355814
2909,104512.4962226201
1798,255368.7460959606
235,112114.51604456492
2366,127206.06749891056
1027,159769.8901810528
1195,124575.54009160731
1303,64496.92004642343
148,165864.31350195975
608,138686.29817607772
2515,202836.81395983708
821,249000.7896524556
2500,302561.8903642809
745,100495.62888817236
741,123687.65296353806
1611,151513.01395293692
2532,126954.69051974503
1081,224300.88248033513
1692,376255.03255606646
2520,173715.77953784337
276,143503.73469088544
1992,121129.35169220294
663,68367.53774855829
418,98733.32354627107
1733,225053.79234282518
2359,156792.5026097488
253,195552.34542293946
1518,146979.88413691008
2035,126013.86586310303
2919,92910.50415672282
1540,252290.78669630236
2120,129818.77602687558
1674,157734.76885042057
256,174200.03420752243
2361,99823.97575348297
978,106364.22499622605
2280,148834.42496916253
2095,220278.149462112
1709,340264.97517041984
2801,241880.58377899224
1246,110245.56834487576
2373,119393.80263851659
1055,280708.1181804683
2017,127505.22326900196
1099,287473.75092183676
1344,92406.5174325042
835,208027.69393076588
1117,208027.74512248332
2043,79701.19681320606
2085,111884.0808615563
410,143097.73886835237
2650,116913.32965383408
2867,184207.0932288122
1668,113494.30518710564
1161,195483.36695570918
2122,178941.007453034
2539,133919.11268211174
1047,119998.11789357263
1445,140112.495244478
541,139633.9292050272
569,209377.60545603334
1276,113112.6123266448
918,166852.03910597225
326,160150.29636940736
1936,125626.15798848629
895,101289.86354327323
257,143755.78705551304
1241,167109.8899991054
1545,119796.77588183583
1189,183128.5700867038
270,165566.39857230216
2066,201535.48156593475
693,107845.80804823335
1259,116756.8078336218
2916,178421.94478545405
2321,268380.28450323816
1977,116301.58761649899
1895,139482.48370810106
1240,151070.09038540616
85,137000.05984649606
1823,121556.41509348631
825,263396.8126067142
110,226541.60961083573
697,112183.97926399349
2297,124583.22686032622
1231,134048.8845236465
1355,137194.85410359912
968,279298.1889227764
584,222950.4206057697
1315,108216.62930803743
1606,137310.45225928546
206,119860.49651584352
1685,312614.68828582036
2016,119139.5167886696
869,234845.1721849911
2135,123571.16274745425
2346,194114.86584613082
2430,227026.0911525656
2198,126614.11677408703
2652,126089.54490951312
27,115084.8927473635
241,149431.6910284635
906,110540.2026045529
1506,87150.33369889091
2098,346554.35709159344
1435,202524.8767879553
2213,143752.88449436906
1274,142036.90660435814
743,57207.41094717692
1737,202698.44816345486
2797,268120.45013732545
2185,111389.5296390777
58,186848.92308275175
830,210795.95950461534
808,165937.0917098999
680,152689.84516444057
1153,123061.5352737015
1291,131269.09142570896
1818,186916.8727580232
2161,209169.9705095777
1883,114228.88334543222
350,345767.0680699064
2473,150154.099825447
295,199528.570415409
293,198062.70753101652
859,156966.33365170317
288,94517.22115085999
1578,180083.77509358156
102,193371.8694132902
2831,175230.33312557847
1030,174493.38179509327
2551,139598.25959373132
1286,140090.32898133638
958,262324.0320500267
776,104184.28493049249
72,212387.827427442
2263,230279.2902176475
1866,175757.29630593985
2876,79636.9682254815
2146,269903.19234785635
103,200639.09253923807
1500,142164.46790251564
492,187194.9813268445
167,120037.80209858657
2597,107008.47602690604
2685,102788.26475528687
1035,137509.70014616236
1220,76141.77996014467
2602,153836.46393596233
2159,236543.17761731468
695,187641.24306561062
1109,278726.8772317823
640,158775.77485603275
1652,151342.3184468762
2090,196590.22947237454
1188,193510.5689800965
2345,249458.2305326648
1059,383418.43820878654
2751,233394.04759607062
128,179973.54161302652
1523,197504.11781482073
2925,173589.57253275617
2145,274609.0997153195
1121,216506.17210275584
566,301766.50517269684
565,239795.8095235456
1331,147273.80046280063
2928,112055.11650426046
156,134015.30749119603
797,129919.46427374723
327,105949.43985551303
2859,171178.00033871995
1453,138694.70993421567
1762,326474.2634604803
1868,217093.95356281952
1760,185585.8104918132
1113,230486.92516410316
1812,194721.74813586194
117,186814.57513848995
1142,203805.2922910985
2342,325176.83572797565
927,168744.75711545759
2478,195604.1966582985
655,91531.02105985752
2064,124013.1954449566
369,263872.3846053557
2239,109986.27623241622
2732,188241.80751522508
1653,163109.09435640043
959,222250.97213628388
2395,332651.6938003792
1412,88843.03311652664
271,251630.83230756054
1484,165566.39857230216
1497,123927.43162041568
552,199704.75366920934
2,108683.06680225753
1855,292958.5225200969
4,225217.9105408613
2292,154664.24440857835
134,125825.39304944963
646,104703.39699519084
42,288788.8297506441
532,230235.78136652592
713,108250.75038024841
2561,124693.50003574832
2360,131972.53505908998
1333,109795.94419816519
1407,244160.94769507385
2892,267436.98510524223
574,235244.91694851365
1227,171833.58503097153
2591,193810.2160187623
1476,223150.23881872674
1125,257652.73050697276
1446,142145.5874285229
408,139118.87098119367
1101,302042.55142753175
2251,181761.92439584315
373,184987.5980472061
2554,102571.9783527289
2382,268561.72538342257
1985,96939.8804301193
519,227129.9086257934
1093,207906.31566518595
864,270941.3670801346
2889,151653.53768497138
2308,146943.83057679835
986,159164.26355533127
1302,122297.29826601599
585,173837.39098501162
2708,123598.41030424357
147,123143.44165773076
1441,226662.7299962682
383,193215.11441148963
285,136985.771421441
181,110259.33111919204
358,176553.69032099226
780,192061.14924499358
258,202715.6935744046
1865,257617.35555705952
692,120990.92839456584
2902,276547.025882239
508,238930.74631996642
2638,144245.79082698905
36,138322.13509987234
611,143168.00400768893
2281,155582.10067533216
1678,131384.7207963306
1696,369921.9335075808
1557,93756.14458446595
2180,160297.90150395432
1726,248213.5006307685
951,147604.65622908613
267,227303.13181719492
2706,115985.12893420295
2221,230740.8399740648
1357,160990.02677998442
2901,271840.6337625775
347,198839.84124056576
2164,208252.43141053358
1586,290977.88784249517
360,163783.9079323813
1769,271823.01526213187
2617,174757.77719355532
1879,158207.33197113703
991,192688.6871667523
1535,151919.62587336983
1191,189885.1241210266
1579,217406.1567189853
1882,120703.73103687684
1510,136483.7353968965
2196,199401.9887330603
1845,178733.8572587766
2336,387078.0041400674
942,109017.3131489565
861,136410.9587047918
2555,112893.14709377362
1392,145437.99246279657
2099,235816.22212313162
1543,105914.82772156628
948,249926.98020760203
1239,162541.66960647103
22,185212.28433525638
2796,236352.36083086536
2747,184028.06364119748
92,312493.510399133
210,193098.60604348528
1858,189166.25134462613
2228,137578.90548544342
447,247538.68705478765
827,231559.68733176898
1649,229291.68635815947
682,128896.65996577282
2698,108532.83160722663
494,186848.92308275175
214,106797.79050725713
2441,275041.90570202377
2679,101360.77449840425
1336,98505.793984639
465,207958.76665525304
1524,176858.7593292056
2543,121936.84598040004
631,135099.50242052547
2452,322529.19947782287
228,134688.5235368984
126,175548.22495265462
1092,253456.03145816375
1122,204636.3743303743
932,217816.04930939866
1980,93686.93293564739
2171,117784.14705128699
551,172920.07875801832
2768,206279.38186431088
2056,108596.55224123434
1159,366841.95763390034
2645,141033.33769648915
1174,199912.37022664328
2266,204229.6983923104
2462,354617.747360543
1219,133974.813127224
2922,189235.46299344467
118,136090.86134538206
474,190889.21058378957
2576,141000.28023450525
872,262704.6961185287
1077,249459.3103095024
1536,147351.8902329337
1150,127127.7196417914
2341,297595.76049219473
1931,118078.78131096411
2785,145192.18664864547
2538,130025.95743606822
597,220822.39558618754
464,255048.15095160046
233,190066.23596085559
2169,125051.37017723486
2123,182782.48714405185
1867,185049.1933414186
137,232856.91309762062
515,246578.6151253946
933,105914.82772156628
2784,166794.84783757656
972,179148.64239948965
599,189253.56782555731
2614,130462.32194968255
2582,105299.29397573281
1409,158987.87202534045
175,113749.4080663149
352,253974.82814145967
976,106364.22499622605
2134,220797.5275110943
984,122531.54509197034
2396,322581.1657156917
1673,113432.69150387138
404,127206.06749891056
607,139594.70106682123
814,149171.03614678243
868,224249.45849591953
2271,179408.4376531692
1633,278250.8139645665
337,232960.91414847973
2765,186260.39719574325
1746,228842.89693405258
368,296419.64721447765
2806,220364.46995378006
1662,209843.21304014657
1234,185992.46014355746
1373,122309.11016340977
1672,99823.97575348297
1939,125626.15798848629
