Id,SalePrice
2658,169987.50403775938
2718,141063.8684585842
2414,223335.23707581655
1989,120411.95873245466
625,144171.2283901502
333,94642.17947883546
1327,116270.33195032089
858,137558.933110585
95,224818.40370104014
1568,168697.42331133116
2482,171368.9650608625
1364,122339.44669119213
2584,134960.04672237777
818,323445.93294051883
2673,166774.81789127295
2089,132621.49903259112
1297,148114.1679126441
790,123594.79245449891
2616,180174.04744803556
720,175064.66686591046
222,126583.37018687587
557,115263.31398411268
1148,214588.57963373832
2766,163378.87332403613
534,177782.00148562485
1452,131648.3540379768
630,144766.76241695308
2648,135134.0903906724
125,127830.81623604016
1904,88737.12819904396
1670,92322.52997810298
756,91968.54478304881
717,223091.95996828662
1032,144764.02628048373
852,197652.62134301921
1731,208528.14039695577
2639,112104.40452316622
2071,93027.5514389789
1267,105780.21985420703
1851,194437.35298268724
567,185738.43816705976
2439,221181.98094215745
1898,138397.6260718088
647,144241.33071943503
2256,213897.95673998105
979,114024.60026235902
1444,228318.2547603068
2485,145116.18903065246
157,125347.3709334187
88,116170.99946136534
2003,117172.29067090573
186,264748.2562847459
1425,232546.03588138122
2695,128229.8255522339
738,108231.2155665555
395,141973.22830525757
1353,194525.19817824973
1878,135586.04093695892
390,171234.29951098922
1456,238297.78454561904
1103,301299.2988083497
1387,122308.64719319511
2070,131716.15551516134
1199,185739.3661428861
2479,185901.10379096383
501,301083.9587620848
2362,82904.6026879341
1718,224681.80419834334
2188,88710.66341362579
1483,171737.27722953967
2557,92644.06558288417
437,331119.8767574389
2224,169370.49980086318
1628,191971.94988614286
397,116613.48095518305
587,192244.46352459892
2182,528085.5659750956
971,182243.41939540184
2611,120076.01574347756
1887,96726.69672729498
2399,308947.55567263236
2148,200775.5128618678
304,120729.84188120012
1997,142039.44496838318
2817,144678.5337773803
1431,208144.14662764766
427,291614.50672462204
263,141178.1037356748
598,170792.9607043162
2895,225886.68050156478
687,127177.59706772713
1822,123884.23307458781
2191,115698.74964731629
179,131939.7257687102
1009,238404.6275136984
2010,136052.4741545749
1991,137209.94565722704
1411,138636.2143150687
1721,263029.1557508701
1144,206725.15786200244
593,235557.25199916458
575,281858.0415609055
1249,166910.78177002055
1604,143339.23831321613
1064,380485.7065313947
1923,122040.63357602821
1988,102916.91653100513
2325,188299.70525085749
114,210192.03612242074
2700,169615.8195829525
217,155629.77319253728
343,152837.44454596023
386,241273.58969071403
2005,137102.62833844958
2908,138984.3121878411
1814,217028.12855037965
2446,484208.06675997097
208,160774.3632723718
1679,127764.01459938941
822,269367.0162902513
6,193768.7765144444
1781,314860.01171317697
2397,286517.11991584196
2340,303690.8755260779
1618,186653.6740938556
2843,130443.38099347168
1061,346869.266165938
2786,126481.19801769037
1935,136347.8126331287
1341,133486.08149043217
521,240068.22127628233
2136,142685.3935298704
996,209740.02893462384
227,115453.56001878821
135,151639.97305946884
1167,205014.3265806507
294,228586.9444975534
1776,203014.8209839871
540,171339.47093563894
1717,224681.80419834334
2303,142855.4575992491
116,189661.07512750677
127,131630.60814563022
1371,143515.04164698155
1014,166516.92357831702
1507,104693.78968004756
702,154341.35841636508
750,165742.6306263418
261,155364.38842180977
1559,86571.31703160038
577,229209.66685793005
2812,223045.52879653685
2080,142323.98525263215
1368,119707.61617786063
2376,111689.09134157002
659,112624.28444126293
1235,120450.22491916071
332,89475.02345854904
1917,133630.62449768628
2094,242462.65952474778
1460,263727.9534022402
1471,203753.6837358483
1509,118612.18317492068
1922,118342.19181451542
433,416268.6830789005
460,268976.1070277802
1116,228864.58985281785
1137,177359.74397243612
53,193389.3726077461
2354,274256.0073843589
1475,207722.82407820754
1761,559341.4244102186
842,154118.4392660173
2739,139180.0371398864
2509,191552.6449958245
1007,225990.27889425025
2610,148058.5454125097
1952,92526.07146525913
2719,140267.40176971233
2921,94642.17947883546
1966,125109.12563648314
292,140416.01774772038
1204,218985.09608170902
1829,282389.7140632128
2419,208921.51951387545
391,169013.0424120243
798,128747.60654917709
481,215087.03026765274
193,199723.38815746913
555,115228.94329211171
899,87012.75205229042
2357,194447.9251497941
328,116218.19653997957
1356,128427.04213038998
1154,95930.23003842309
1730,195293.0895042899
2249,150006.98636684782
1119,263335.5641169378
2856,136689.29574227077
1394,126828.28333913586
2587,113531.11603498724
61,310122.80684561015
2661,209330.71306560125
2711,109831.09327589178
1147,199397.14111580572
757,141284.93491814026
2623,98765.06052808887
2378,142377.60624046565
1413,131182.6530017038
1722,250002.50057287666
1112,214883.2211213058
1623,213775.4601582414
1201,190978.87023826322
1513,117351.03326836374
957,256873.50572585032
1171,252739.33403070152
1145,206675.18051312736
2726,220031.2548632236
703,142031.94746671247
760,106775.62281628637
1964,125698.40719924044
2512,212713.50457307888
159,140770.79716080194
1281,161265.7643820342
468,199328.52072790745
290,121568.22721281378
665,104551.6906397201
1463,266555.8582059366
1792,238966.01294409815
923,148829.4623847173
500,284355.633574899
1408,153747.2127975456
331,97501.21070586711
170,137140.62686596485
2192,89136.66322261545
2571,272636.02686931245
2314,188140.4119130831
2647,99296.03832067012
422,391908.6038007087
2457,273458.91843071557
1838,206212.48629858342
2805,252355.50294702215
1645,184841.6729266776
1711,310868.35240633646
2825,229291.32184315054
322,278935.79569323023
2103,235094.72928577126
342,108782.84154812188
600,112929.96062598757
488,204175.94124903702
1725,301870.18127818895
2246,249957.87267312256
2847,154456.13310338784
806,251609.95738629584
530,241963.08854294982
963,191638.18867171765
2678,102715.5666469468
171,108516.13507690659
2401,374238.2224442692
805,239165.04827350174
2259,225277.53468719855
1748,215777.65316141
1361,133294.41384951837
1677,120660.09131531694
1406,115788.79948096203
2322,241691.69894601527
688,147630.81424921227
143,130007.82518562331
804,232722.51772351586
1214,141834.92610279267
2828,148829.44053421
1999,195363.7400590288
2467,214125.10188117175
2665,180220.64374968054
1538,367638.17317396495
398,107617.23377094259
2822,128152.35184082136
2157,163922.70228531724
1856,193783.29678374843
1269,104071.88952466901
2570,111862.51274509318
2320,244001.4523437437
1517,146305.89448863541
2304,121095.65396571049
1312,114765.54310793901
2012,130994.40335588978
506,253753.613462466
2865,220967.41317401238
2367,112645.27557657243
554,134130.22716009288
238,122485.6397907222
1954,95279.35282993298
2488,150353.0280573447
2291,89556.49501514714
1969,98629.36715071114
2725,138904.67078621496
1482,171737.27722953967
2763,215364.05006386136
503,280990.44471524435
1584,226507.907035666
1531,174282.92185301916
2210,202131.40539477047
459,317230.80923689995
556,101144.48692330666
1347,151774.96575222234
1290,91685.35662700547
1388,97046.31123034819
1571,209775.77552389298
2754,202619.53656878357
765,150336.56764277685
2494,101297.10114585387
2870,214766.34735156433
7,248921.19228542427
1114,230127.75741849653
2418,280246.5873880583
291,161918.29168280028
18,303372.71305888536
39,315727.41863104736
1001,266733.06871966616
2442,246270.68164162175
616,125096.2806042467
2680,89066.89401110908
1414,128102.20583297471
289,146689.37750255107
40,258070.41409087935
860,137226.56978931243
409,121898.51623345427
673,141719.18620467407
2427,193203.53038034265
2036,188286.717427987
2564,132447.79831062083
642,150182.0323744786
1008,205695.3963177283
1908,152571.43244109422
2519,198434.08215198625
1369,104952.87291338846
2855,193916.42414863745
712,96995.13455281802
1943,136983.06488249823
1958,119402.39739974699
107,166787.80571414344
2295,177592.6809279733
704,116559.74510770931
676,103540.91173208776
259,197910.4032965782
93,306589.4750183048
106,253598.79460183554
2315,202901.594546842
1050,97169.1782211127
1095,222963.55262100967
2709,103067.02712112472
758,175517.99984528215
1496,132946.58206231368
2370,118947.2585216643
2458,249897.83056227193
2733,103774.99751123306
161,261759.91585548397
726,142025.35489852162
845,213125.44177490743
947,253875.4626346425
2232,149452.19337828137
2563,155654.05256729794
2299,145171.61631655056
211,140697.6990014754
605,160365.62685552234
1478,205572.36401825346
2247,249957.87267312256
2274,170261.98291173496
2869,184373.6703707353
967,233443.49213785143
2656,118371.26542502077
667,190768.52793369448
1042,112645.27557657243
2023,154550.17833939363
2447,376457.30289212166
2055,125511.18538093088
2275,258110.28708752868
2204,182689.54452817797
1563,251444.61049235007
483,248575.38065614365
796,136780.23635133766
1526,187370.22276101157
2042,168754.88076406988
442,306926.89113159117
1693,323328.6312722432
1468,236710.75186851918
1430,208073.07539362903
2605,178680.7895055717
1529,231442.35073124984
335,140817.59841738426
1287,131869.280493101
31,109473.13132410073
1785,239295.97397039953
82,183830.29039989694
2620,109828.14434665936
252,194156.34147775648
721,85668.63613858905
2165,188828.86429219123
2316,202996.6109688419
775,114162.91189401619
1558,90852.46359112371
17,237912.9873993849
1022,206008.49069754517
925,145963.2287779062
438,270318.30183975364
1270,134296.94674642268
1272,101429.84559399918
215,164619.34705463724
266,236149.14937337584
2402,296010.4432665301
1250,123407.92239959101
1984,114968.0567675907
1279,126253.05739717283
377,262120.01698677058
1252,143955.88834388525
2156,270731.6780424574
499,333987.9291154976
1374,123854.38349232468
2898,252270.3789343883
401,97702.0771154219
2721,173625.67310293508
2078,248749.27784016632
2589,116878.96985147368
1946,242581.33168100778
1334,132297.70636612445
2781,200688.04439060873
431,339975.40449225804
576,197796.90880088875
1474,228777.40768637275
2254,138320.00127995148
2155,257410.81456389505
885,134124.1481157532
643,128255.59847010518
1944,112733.09581123316
480,215240.1552455924
2845,110576.71924719102
2387,325175.8744097613
2407,237754.6128240024
2527,175890.34751309626
2514,179835.3832761298
629,150028.63689516907
80,216636.2201149438
1876,125583.01024744619
1546,131205.5582523744
2518,190311.29294298514
2347,165262.72044617808
783,198076.2943259828
1322,81171.99633389662
194,103196.39558950235
1770,301866.721593564
2143,148461.700887316
1229,162767.67674013815
511,252871.30620072698
46,251301.06665806076
1348,186011.23197242545
2465,212700.31147107872
387,236894.8477896296
873,212258.17804702473
1918,116467.8914748013
2764,250527.62127133895
2184,126409.32651858122
934,139742.33763904008
1920,118591.80264512633
2631,127562.80261887326
1768,529303.255888996
2040,118453.15749633708
1749,233600.18830979505
834,231731.35917736415
1457,237382.60526033357
79,146678.49770583416
2302,128689.52967384594
1817,145864.33175720955
2755,218191.93622193462
359,203262.09986513254
2059,97390.41896802155
2092,249648.55898434747
2516,216236.84408336316
150,107317.79839100718
1656,168135.12281217752
83,137280.695396075
2411,188085.49538257747
795,87611.57795465009
2312,242863.57413922538
2917,103076.4775279703
1624,204804.26497025817
2215,330393.43835853436
1211,132184.83413520647
1485,171737.27722953967
1024,175798.37902054802
570,191688.33837320225
2874,124217.64252561136
700,177738.75198194126
2756,215256.80803221744
2022,193930.10001905938
583,244339.90510005644
2392,357939.728932901
2424,210053.22566492116
212,128292.02481711505
736,139326.83720882598
1610,181820.64600338126
890,112538.65580970002
467,195293.0895042899
578,298840.2048173613
1747,205944.6678956528
1149,178227.7799784387
2758,230393.24631478713
857,151190.59136785014
2219,301581.99241035734
733,112499.68609619068
2909,108600.89850906149
1798,255187.3845074555
235,108645.8651372318
2366,116385.72008503784
1027,144414.54354954418
1195,128424.4449645592
1303,73404.97023169002
148,154047.41533216156
608,127321.5331055717
2515,213538.8496582198
821,247773.91939194693
2500,298202.0036387593
745,113792.08382154004
741,129252.05409775247
1611,148854.58789302543
2532,115228.94329211171
1081,218944.42242061553
1692,372754.43355427415
2520,184345.47138883028
276,136076.75017907436
1992,130647.67980676246
663,81551.22873944431
418,106940.11702153932
1733,223370.63559532195
2359,155897.8909352673
253,198159.32311110102
1518,152124.4484831619
2035,128996.44265884266
2919,89475.02345854904
1540,261719.90211311338
2120,139655.61932717817
1674,149918.62107310438
256,158275.58865679122
2361,88284.14982525301
978,102668.36672615353
2280,171051.773779664
2095,223565.12854472754
1709,331689.201998758
2801,252669.58346481834
1246,115143.3959225806
2373,112645.27557657243
1055,274926.6294986942
2017,132798.40752590733
1099,294833.5953485024
1344,109768.45115703129
835,193062.6248755836
1117,206669.7181229214
2043,89701.11843297417
2085,122127.57878273501
410,147262.6019322132
2650,126481.07347332593
2867,182167.06460207142
1668,104902.72690554184
1161,198181.01777321383
2122,188196.0344132175
2539,122352.89534257689
1047,127792.36973110621
1445,138835.8045336563
541,136121.02751026241
569,212393.52335463878
1276,106127.95258521561
918,164322.21536898118
326,169782.28414716432
1936,120609.87002033673
895,88708.93205931802
257,157263.00680135548
1241,155229.27033323294
1545,132727.96225029815
1189,183130.04827875734
270,171737.27722953967
2066,207030.07695693994
693,114662.9911883812
1259,119527.33869114361
2916,162594.2080364521
2321,267689.5820161041
1977,121338.13683602857
1895,128943.34487958453
1240,138822.05654247216
85,135954.10039843054
1823,109799.2659503903
825,262499.7035062004
110,216985.7052887088
697,121589.65421573579
2297,120843.10631567334
1231,122485.6397907222
1355,138459.22171754163
968,283016.094488822
584,223663.50230087189
1315,134591.1400950063
1606,150670.03254347155
206,112223.0180633837
1685,307564.0644826887
2016,120797.68999097853
869,219355.90920219995
2135,122722.9580354552
2346,193360.04009759493
2430,229546.6307758896
2198,127413.35808394001
2652,114343.9803044763
27,107338.02237163615
241,152012.35836046512
906,112093.64959500603
1506,117293.06261596616
2098,342503.9287824467
1435,212320.1254561592
2213,145036.9665701214
1274,147121.98153898798
743,75193.62329421804
1737,201218.34611908716
2797,279510.5108798008
2185,111728.46661781232
58,197184.73364671716
830,212944.725127849
808,161001.17844469126
680,154401.4005272157
1153,111246.6098477523
1291,144675.74139731325
1818,182461.53089485032
2161,207930.36096772377
1883,103111.27527050648
350,349977.3887086431
2473,146882.1774399092
295,188530.57074794162
293,197545.25147272655
859,140647.12594309353
288,99054.76880736856
1578,178177.9053234208
102,207300.4800179825
2831,178401.95465175348
1030,178255.00493217056
2551,127087.4473264264
1286,152945.38976103073
958,265653.12067141494
776,114251.40819277974
72,214573.05702509818
2263,229430.96616490453
1866,159868.52203453498
2876,84641.05124542749
2146,262240.1877555082
103,210483.39784423762
1500,148829.44053421
492,197538.71884177133
167,107978.57170250131
2597,106623.8836216931
2685,108322.66079455147
1035,126117.98344238751
1220,81065.80077538037
2602,156556.71481468607
2159,231679.81862662616
695,185002.99643129256
1109,285078.97371812
640,150414.04385299174
1652,150415.11581428774
2090,194991.5789722635
1188,174677.3287974433
2345,257785.69736085556
1059,375831.15582201304
2751,232709.3246215157
128,193742.1834910238
1523,194468.91206719546
2925,160140.26339487117
2145,273968.8238259555
1121,215342.35540174856
566,302647.9495343434
565,253970.35174526024
1331,148769.04052349433
2928,119205.82857453075
156,132900.97809108833
797,147545.97040648447
327,94642.17947883546
2859,168839.52200828193
1453,127015.12473950407
1762,329669.3097358367
1868,202152.0535837556
1760,195892.68768476945
1113,229643.35728193703
1812,205237.89683419952
117,167920.20697426875
1142,213629.87067785964
2342,320506.2187642787
927,155871.4382596553
2478,206140.55908158765
655,82977.32082867289
2064,112220.06913415127
369,257705.24975930882
2239,115685.5528516782
2732,195045.72038247023
1653,164994.28262065502
959,221311.0013407714
2395,323901.5277075663
1412,104094.08874973397
271,242649.63193013615
1484,171737.27722953967
1497,130266.91245597886
552,198177.445727751
2,101596.94208852224
1855,291822.0399205003
4,215027.8853034787
2292,153720.88198568416
134,118057.25365854116
646,97526.11234539928
42,283999.8296285973
532,228579.07219013452
713,137977.17235788231
2561,125671.50654620973
2360,120361.72862039717
1333,126869.23961296084
1407,241100.2486977638
2892,266746.0439054639
574,245881.9173496546
1227,167875.7431899448
2591,196463.69132952747
1476,221331.2253214004
1125,257523.68679481302
1446,140915.46755459954
408,127764.01459938941
1101,304677.95496501226
2251,171987.66687408742
373,184738.83470230582
2554,108101.4200476426
2382,267560.16624756355
1985,98089.53972825353
519,225402.05506452336
1093,217917.08694037516
864,259051.37207078823
2889,154891.98205859534
2308,135500.920617963
986,177367.46058214852
1302,124027.80489584783
585,158896.53342961983
2708,120509.99937082057
147,111063.09712698887
1441,217109.60010697777
383,188188.90732057163
285,128786.30860349564
181,112788.77495287794
358,186653.6740938556
780,172212.27746430054
258,213414.95483995086
1865,238637.79453045185
692,138320.66067296325
2902,280201.9121881413
508,238280.59604125877
2638,145671.67006677034
36,142377.60624046565
611,132713.28720691142
2281,139231.18516287685
1678,116409.32004543446
1696,366184.0127836593
1557,106898.22214786008
2180,162412.33936090145
1726,246745.83677837832
951,150750.35527646157
267,234314.83167866716
2706,104907.7501354064
2221,229858.61874678405
1357,163543.0523860455
2901,271136.94226552214
347,209450.32065534417
2164,210342.93394420083
1586,278739.4690390364
360,173499.12869523308
1769,278016.96907678933
2617,167303.11441381255
1879,144195.7244669494
991,178310.15152389248
1535,149047.75420239373
1191,170069.196352739
1579,216355.20861001304
1882,120632.84771596188
1510,119650.8093010564
2196,196969.34611639948
1845,193134.55209257934
2336,379574.5492597109
942,110443.62303564406
861,132585.88909749262
2555,113693.10309598617
1392,133060.94749296553
2099,235094.72928577126
1543,116828.97999343884
948,250307.93491077115
1239,161814.3661472346
22,184161.27925370279
2796,227021.18556849452
2747,185585.04183629135
92,315368.3078556482
210,176532.37509171004
1858,205329.32341657233
2228,152661.75078538962
447,241804.7943781402
827,230025.55726234036
1649,225091.86390496886
682,116948.10099476442
2698,109948.04376256824
494,197184.73364671716
214,113259.87963695682
2441,270253.02575101436
2679,102611.70059507055
1336,111756.66894997856
465,206691.4127850342
1524,181711.32967110525
2543,110096.15796382626
631,122485.6397907222
2452,325633.8785122192
228,138660.76169239686
126,166553.51999477154
1092,251301.06665806076
1122,203200.66321139052
932,201908.25934957777
1980,106827.42510884925
2171,105848.33562317622
551,175122.25460156435
2768,190282.37041292456
2056,97257.67451987624
1159,370961.68273890566
2645,141844.6532034484
1174,209740.02893462384
2266,207149.0651240904
2462,355095.046798215
1219,129149.7628510186
2922,184833.23170171326
118,124666.64414266543
474,193389.3726077461
2576,129421.22489290766
872,253977.15817186958
1077,248020.18348057332
1536,148718.41259868478
1150,115405.9358896388
2341,292201.1070173377
1931,122678.51045392902
2785,129502.91720788727
2538,118370.56189821746
597,217328.2137825299
464,253737.04438069818
233,202778.3729504968
2169,117532.79598919625
2123,200032.3367236649
1867,169465.51622286308
137,222749.61678317588
515,245388.51472769133
933,116828.97999343884
2784,168856.71664910554
972,192659.1968001325
599,173673.94464164763
2614,121993.0094468788
2582,112756.84857118034
1409,156500.66810619552
175,114476.72475262161
352,263918.46221062937
976,110482.94167037598
2134,212009.68857732145
984,129022.5928282839
2396,317758.8381002487
1673,135777.00874470736
404,116385.72008503784
607,136065.31918681134
814,152537.12168632893
868,215540.6908979868
2271,189481.56025192887
1633,276685.1774295745
337,230765.11472392757
2765,166453.6931356702
1746,227154.2817800415
368,291897.6948806654
2806,210667.06955699186
1662,205197.89594292452
1234,179275.11294381673
1373,111284.33787389772
1672,88284.14982525301
1939,112795.2950761143
