Id,SalePrice
2658,191625.16795245625
2718,146078.0601645456
2414,224773.6534434567
1989,119322.4299909539
625,165443.36246646586
333,73160.94482767086
1327,94243.12030368838
858,127320.91382042292
95,217028.33799613334
1568,169332.57793414776
2482,169216.15606383866
1364,151836.51360129754
2584,176453.0217422668
818,263980.81081487634
2673,200032.97808542632
2089,130523.61037219287
1297,178514.28953897135
790,126591.57517222298
2616,195495.6995596707
720,252539.36619760745
222,114882.3090419419
557,105482.07947811353
1148,190947.54108126796
2766,184603.62842845145
534,188142.88826201833
1452,102999.4461242838
630,125654.95806213564
2648,151070.55353945956
125,146993.23649194767
1904,32116.492802217486
1670,80188.00673462577
756,95754.05634911919
717,255180.34101429128
1032,124129.71621045086
852,213395.53806646707
1731,215518.22153411992
2639,99903.40883372875
2071,81806.79468084256
1267,108539.72479346681
1851,199406.1933303377
567,163500.64460809002
2439,224779.250433727
1898,126721.48809696132
647,150593.11527192514
2256,209023.04912967474
979,85187.26136050485
1444,228368.28617225518
2485,109255.79956733533
157,112718.33425780518
88,112470.38249304223
2003,135161.36324095627
186,288299.4695041769
1425,247536.5220647088
2695,136590.77118834725
738,114786.84330658885
395,143944.79653115143
1353,217512.1692041159
1878,140119.25891013385
390,198110.60957680258
1456,230591.10850727238
1103,280184.80558830814
1387,127673.30386596793
2070,131124.86335247807
1199,209417.1540185114
2479,180064.99429221704
501,272755.7188118389
2362,73105.2703162536
1718,167393.3060828432
2188,30246.077086733392
1483,145500.66817981564
2557,80303.4473392549
437,302290.7476875013
2224,203895.19964623408
1628,211668.73550603897
397,114875.31274731734
587,197828.01242825246
2182,530904.8927961388
971,176126.90397855954
2611,156039.26564049808
1887,106087.94500944391
2399,306101.8066472183
2148,207183.3714510954
304,158864.1246226541
1997,121153.76947797541
2817,111965.53433541229
1431,186412.9374059068
427,275375.36597297573
263,104168.78804071591
598,183397.64634548212
2895,274517.96385987935
687,167829.89469990862
1822,110890.00478371896
2191,113110.8359816473
179,153343.8581695323
1009,227798.4415608289
2010,130181.26975091972
1991,170063.03924870078
1411,140001.31902902323
1721,244073.1033241491
1144,186235.0746661908
593,248277.33182265813
575,270145.532330508
1249,202845.94877221656
1604,105541.42682049
1064,368326.2852359478
1923,162567.8067530585
1988,105449.20739384809
2325,175926.55539943828
114,225076.7025394615
2700,195025.56263397398
217,127116.56924767938
343,168723.91410721152
386,257114.841548351
2005,132054.93520614255
2908,135798.79908089055
1814,222963.8280083683
2446,461328.08192845585
208,151563.51174367627
1679,123858.1922979796
822,286966.71836649114
6,185432.6239786242
1781,350629.9657332375
2397,268662.3500846687
2340,290201.0338376095
1618,186004.0462062756
2843,121504.00535990359
1061,320267.7208368749
2786,107479.10297198265
1935,122096.55774961709
1341,117612.2387148648
521,280761.7833103571
2136,122405.57371850073
996,185384.1345639815
227,131081.08053092542
135,164138.4609990168
1167,168171.9342084226
294,227283.64454026832
1776,204833.5211566365
540,189427.95219705312
1717,167389.5416653241
2303,117507.4172007526
116,164524.7840108455
127,127118.32735468663
1371,170766.01920285457
1014,210356.1319807559
1507,109833.1512654602
702,158957.22787155973
750,190150.49295279148
261,167977.67484838964
1559,75054.54262513421
577,233946.1049198922
2812,225786.0225451325
2080,179038.62397682163
1368,139639.6987070365
2376,106051.97735377205
659,111398.66922253516
1235,115185.95609091912
332,73179.76691526623
1917,149532.20543189466
2094,240520.12708533497
1460,279991.5717277858
1471,185762.6515256074
1509,128564.15778426662
1922,116570.48687366041
433,380384.6301451827
460,274047.7294611102
1116,246536.8268895299
1137,159230.04481273735
53,189482.47058103856
2354,251904.4558081557
1475,208362.00324939287
1761,466207.1038040437
842,111027.50886778551
2739,155046.58024566306
2509,192172.51038421429
1007,233074.02644862086
2610,183114.2540145356
1952,99491.92508335259
2719,142485.1293318295
2921,73168.473662709
1966,123407.68064741252
292,148416.97166871512
1204,226941.90266940516
1829,259409.71109939
2419,209456.07513275545
391,172938.49685625196
798,166322.42896974157
481,209101.62676458267
193,227563.77559684185
555,113681.95575914673
899,58545.42849937697
2357,211571.1913874223
328,106633.05049360069
1356,147430.47984252177
1154,101456.0349414632
1730,179873.32316163543
2249,146026.55216811734
1119,260743.74003673892
2856,147407.98960711109
1394,152644.1096378052
2587,118137.76801994504
61,297534.9052314853
2661,217954.81337045622
2711,152454.25281828313
1147,189480.88027653165
757,160095.00288075928
2623,89095.46671828246
2378,163295.5666372849
1413,158881.11065085046
1722,238287.2048553918
1112,202146.4486480631
1623,188451.47551065122
1201,188963.4824426059
1513,89359.8758565345
957,624926.9472526322
1171,274689.4541744619
1145,220318.43010522917
2726,247775.54643876926
703,185039.05417851466
760,86358.31991772757
1964,112470.38249304223
2512,197393.24714577553
159,160839.64693097674
1281,172539.7301306727
468,186853.77611938326
290,143863.4885539579
665,117466.29319556155
1463,276575.0694391314
1792,234896.53143923637
923,146285.76786754743
500,254524.61156336396
1408,167797.66000148334
331,66250.3315118539
170,116531.40773503398
2192,77218.9097582791
2571,344664.6166201221
2314,185837.6736057821
2647,107640.14065360371
422,346401.02421994077
2457,302178.7292844979
1838,201846.21670493134
2805,274648.98412909906
1645,171156.17195193263
1711,282217.59882002114
2825,254616.55520506253
322,306496.4573047055
2103,251025.72572640976
342,154806.77144384017
600,82182.73664125404
488,191817.5551096738
1725,297395.99238394824
2246,249491.58928168775
2847,182061.58120914627
806,268853.5548848331
530,231798.97619350004
963,178541.54211684558
2678,53279.460289003095
171,88585.72451035735
2401,347296.94553478877
805,231755.82661459886
2259,229670.00708631068
1748,207295.18394390453
1361,165480.23566308475
1677,142251.12424068034
1406,152118.24299127297
2322,262809.6028158666
688,174011.08484021729
143,127971.21413232796
804,224175.68729221285
1214,162322.74487046132
2828,146814.2058267842
1999,206261.46702070438
2467,211904.49624871032
2665,202468.03364926938
1538,348748.20398529887
398,71361.64903892197
2822,144132.79294587375
2157,145517.60805865147
1856,157077.79077894843
1269,112308.83939089497
2570,128288.28070981042
2320,259013.36043072044
1517,174822.34938639056
2304,115190.30094153619
1312,122964.15314314347
2012,149987.00224237874
506,266807.48606015043
2865,226599.99780854277
2367,139289.8973821504
554,142324.66454561893
238,121608.99066832513
1954,107069.76201592233
2488,177413.64931345358
2291,73160.94482767086
1969,105734.43493113581
2725,145038.9324265077
1482,145500.66817981564
2763,215154.00569560414
503,238150.53790427322
1584,242213.5441061774
1531,167696.92109506394
2210,189361.1554022516
459,297342.49172806076
556,108626.34303102948
1347,153256.47118105664
1290,97405.1909540596
1388,113580.437648064
1571,454376.8850898612
2754,203689.35272265386
765,140917.0944130653
2494,122114.1664745656
2870,191910.85573645215
7,233810.00502052027
1114,221657.24264904624
2418,281474.55605579715
291,152997.54643999285
18,303520.5293807496
39,296815.8941686082
1001,253726.4253185376
2442,240526.8275343803
616,119771.07158108798
2680,80838.63389770374
1414,122091.02173937147
289,149076.39017427887
40,250618.09086524075
860,113109.05881551077
409,151935.83833616978
673,136715.61403419863
2427,188968.03446830512
2036,216898.22098458157
2564,150831.55529065253
642,157770.41916490844
1008,198419.9193713677
1908,163998.0308824955
2519,226489.07108539023
1369,120739.17844345361
2855,205213.92827653952
712,110453.80042524742
1943,127596.04394792588
1958,162355.0710138703
107,205207.02536741897
2295,194364.91936612673
704,137936.82623635978
676,132700.2664551806
259,187051.6869976232
93,273081.38707659935
106,255576.95582987668
2315,193732.66307336395
1050,108733.7979849398
1095,221233.91473276704
2709,120882.95399293337
758,196457.7277801566
1496,161315.84208238698
2370,141855.8604011775
2458,251379.4781285824
2733,100249.88209708201
161,271359.61013340135
726,163696.70056966375
845,206276.88505865264
947,271025.0489892714
2232,146896.27114838152
2563,174696.28947029088
2299,147736.31569359917
211,127637.20941933355
605,156986.5665583846
1478,231545.23837883447
2247,247951.9425163862
2274,191288.90560531354
2869,161886.78751899826
967,235917.72972139058
2656,52765.187601856145
667,206540.51927700624
1042,139171.31823029954
2023,194668.105143132
2447,332619.4943161985
2055,139135.3713474247
2275,266869.1489353037
2204,194929.22013560875
1563,247301.08571772536
483,201499.2788544848
796,123846.42882929885
1526,191238.59381418754
2042,214363.60569782704
442,296479.23238257604
1693,293798.4912082209
1468,221250.06674594033
1430,198822.8236931044
2605,196425.12811599186
1529,239078.84376458515
335,155016.22941404476
1287,129900.3752662334
31,104136.20442967555
1785,221892.91886440924
82,180446.90092750467
2620,114078.39801437613
252,198553.80634419236
721,70467.50583609684
2165,168531.42902224272
2316,183059.59405767114
775,111392.89580529401
1558,70695.86653549882
17,251129.1538783005
1022,234189.79443991763
925,128079.21431493362
438,256066.15399348817
1270,136721.5982785031
1272,112756.41764352575
215,159054.92590102632
266,227331.534314235
2402,265076.8691887126
1250,116314.00669086736
1984,91281.13515486833
1279,139519.4073765853
377,266645.84685953177
1252,151418.50277091376
2156,272704.5906414704
499,294594.37529695616
1374,150005.99663751342
2898,256341.31601685093
401,86438.12605904917
2721,170013.00970551468
2078,231667.79155280755
2589,124758.09497764778
1946,249962.00616517264
1334,153370.39083506426
2781,220641.69099317063
431,336096.8451206614
576,226076.9702116719
1474,219268.4661512683
2254,171416.6175583415
2155,285159.5556334707
885,104904.92300860643
643,146131.5117312525
1944,117575.96989768611
480,216575.93270064134
2845,100158.74289503405
2387,294997.03148769314
2407,207474.67459829384
2527,179200.47860827012
2514,188548.59213147731
629,181544.6204433679
80,222869.57952136843
1876,135119.61636090814
1546,143537.08983095584
2518,159364.6988228073
2347,161104.2193167103
783,184527.23053558593
1322,36464.701372607
194,71097.37375088398
1770,260217.67599324242
2143,103037.09029947456
1229,217625.007147688
511,253397.98078308464
46,206178.3653033862
1348,226668.14624186675
2465,210745.52761228278
387,255766.01778010497
873,205068.87614985678
1918,109653.29078408262
2764,263963.52157561923
2184,114929.02789502083
934,150609.03596181195
1920,114548.99466591733
2631,159530.40646289446
1768,469272.33147614973
2040,92438.99644681455
1749,229553.16160391734
834,237262.03109493
1457,245664.63649448895
79,137277.15545660758
2302,111275.42399792452
1817,116331.93275225225
2755,219625.92801902414
359,178786.71390331464
2059,107457.3941757667
2092,247022.2510652655
2516,241093.21288674115
150,128733.63158519677
1656,147842.0694329585
83,123948.81459458829
2411,171407.8131216429
795,78802.65565040693
2312,245788.64778080236
2917,97699.907721262
1624,210274.97542239845
2215,323855.44348606083
1211,151878.0951343304
1485,145523.25468493009
1024,171445.4023448977
570,165666.3823604828
2874,155245.33702977022
700,177843.203521328
2756,218162.46174460827
2022,205945.56448296306
583,242053.07094610613
2392,319435.13774396013
2424,202790.7952856701
212,134724.94264734478
736,125167.17109372257
1610,165908.55167170402
890,92581.55086223477
467,184300.27816406722
578,284000.92259517126
1747,212671.1613366061
1149,169658.68081157058
2758,204024.617205138
857,102660.64854756709
2219,305875.84186937846
733,150515.37210671903
2909,116672.84748923898
1798,264221.29964836745
235,99291.52692850892
2366,118796.11844924136
1027,130196.68085210114
1195,107851.9197856153
1303,3226.7828300702095
148,175817.2264993886
608,130815.27383164302
2515,218206.24670854336
821,249950.5970925748
2500,292026.13383445505
745,116165.65736734883
741,135017.51482128716
1611,244944.63327536092
2532,122189.63393425557
1081,206490.54005823238
1692,339448.94262071396
2520,216235.6078321117
276,148237.248745153
1992,138191.4752766229
663,744.4802131197357
418,163335.7532984976
1733,192119.3255789217
2359,160228.67227349913
253,201186.8378294318
1518,172160.98995993173
2035,163544.8492131266
2919,72475.82083919927
1540,249413.9963434873
2120,124206.1597979981
1674,169499.62572784434
256,146922.5719506718
2361,75718.96231725089
978,66223.98058922036
2280,154286.53988895225
2095,238314.35627634934
1709,287142.47412311356
2801,241216.24459507823
1246,120703.28088348445
2373,138776.0543907967
1055,252195.99324442475
2017,130577.18041162186
1099,277557.14320108003
1344,115303.00874839466
835,215600.59756848944
1117,212256.06916632297
2043,96534.9606905138
2085,122603.25107545154
410,168174.2461129754
2650,150496.74445030384
2867,194817.27159458288
1668,112185.3152077958
1161,196305.5322862973
2122,167467.37526344266
2539,121512.40490020899
1047,155863.36700326003
1445,110530.36343140306
541,126686.90531403807
569,188568.64758673517
1276,141406.22556924284
918,184035.3762082943
326,144531.26596825622
1936,108633.0364208233
895,70784.30122650343
257,124036.76981221515
1241,181276.16444246043
1545,145362.88902296688
1189,169996.61019412536
270,145500.66817981564
2066,219719.84794118334
693,136138.4352763968
1259,138703.84743769834
2916,139670.07986271707
2321,254541.80502412486
1977,114439.36340099214
1895,167977.88053763026
1240,158026.26102284755
85,126324.84358351881
1823,84133.48366611922
825,262682.82643754367
110,207436.46513377188
697,141232.93020085501
2297,107273.0310472158
1231,118416.76461214983
1355,138996.05612584384
968,308597.1618202293
584,245317.2928945913
1315,134842.03971085692
1606,108049.31818407754
206,111572.81298193142
1685,294915.44375457347
2016,129549.31657172236
869,232601.04119225143
2135,113206.94881477348
2346,200525.77143383527
2430,208955.71931012467
2198,114206.33157038511
2652,105615.87409659693
27,83392.50659687712
241,166511.70349035712
906,121700.63846444446
1506,130494.45901157102
2098,309773.8974624966
1435,205017.626817556
2213,140958.60848398542
1274,167519.33325002523
743,20788.31889815812
1737,201469.29982003127
2797,280018.2734479345
2185,102648.27586785347
58,203841.7366196046
830,201604.1556336355
808,136453.58640499457
680,155442.62864228556
1153,106699.98970746649
1291,153419.5378377592
1818,163493.92015708223
2161,206903.14635247694
1883,116350.16560417422
350,306504.0931334517
2473,158914.0577476877
295,176396.7736232779
293,218711.12272787804
859,118702.7138051037
288,50761.1089757202
1578,143022.83625855844
102,176185.32282828077
2831,176689.81924250926
1030,186724.79585547931
2551,129162.77906807761
1286,151656.33483759724
958,294406.75322703266
776,114294.40232091404
72,188009.44278300263
2263,248417.48029148064
1866,148259.22475746204
2876,68669.90488417883
2146,275509.01548318466
103,193390.20049272093
1500,146814.2058267842
492,216686.3073695722
167,119527.12267200236
2597,106647.29666477485
2685,119325.69850268333
1035,148781.33481350812
1220,40521.65662900277
2602,179750.33857820136
2159,221222.65074247963
695,194624.1802087451
1109,244975.30007539305
640,183276.8001863226
1652,157394.4589428052
2090,214099.11528518927
1188,177235.43523626725
2345,262585.1550732857
1059,335104.8143184384
2751,232438.47527293116
128,196768.19870429905
1523,188703.65310648136
2925,136709.47078407023
2145,268896.0285583701
1121,233964.80929567435
566,274039.536585588
565,228121.86193303028
1331,155227.95699451823
2928,114478.6626048446
156,119870.2834166481
797,153891.5364569008
327,73319.050363472
2859,196417.71678500588
1453,107364.60557408725
1762,291498.002408273
1868,219702.93515257872
1760,186828.9749253061
1113,250386.86377533642
1812,199394.2624947439
117,169719.1881670852
1142,185724.13670076965
2342,315088.9459812341
927,127670.2625343363
2478,194022.66270157698
655,41972.016825643484
2064,107279.6677417498
369,224706.34194121856
2239,152426.38317268694
2732,200387.30186063924
1653,167439.61409149703
959,227224.76826707323
2395,280741.29345019796
1412,115644.10942708877
271,252635.23822236678
1484,145523.25468493009
1497,93400.0725223141
552,187628.30046609385
2,121532.9658316133
1855,258804.5485933112
4,244525.228175311
2292,152163.99080556963
134,133084.22189835942
646,93418.88192162772
42,287183.2146374921
532,211895.55716436007
713,113199.01963148832
2561,125291.6504537771
2360,131046.30649036716
1333,116331.15051561996
1407,281861.8172952917
2892,284841.4547835583
574,241174.07602437466
1227,179085.69751312202
2591,251523.57882243997
1476,205461.62239556617
1125,266589.99597676395
1446,119872.36868105832
408,123225.77015477506
1101,277604.64325962856
2251,143420.84169840734
373,210695.4940981139
2554,125367.85489100494
2382,269080.861503986
1985,83224.76426740178
519,231042.19273424835
1093,195438.59791185067
864,273274.05001876026
2889,156290.23090484412
2308,158643.18797314964
986,158267.2949365853
1302,138422.678420185
585,171961.02170495034
2708,146972.16308076563
147,126905.23590111418
1441,216577.49368725816
383,159418.37464667662
285,130398.52908818319
181,124191.27261275979
358,178279.46145713443
780,171077.91668691585
258,220030.96638812157
1865,213814.0269140432
692,146430.81392961266
2902,280856.71185180877
508,255098.3112589469
2638,148067.9036566142
36,163485.66972199816
611,172897.58117389152
2281,114576.82404866557
1678,134007.06501767362
1696,334678.94097631716
1557,85690.44822765913
2180,138623.74527269258
1726,235589.06141311015
951,150891.6926966942
267,232000.53595635702
2706,105363.26849267715
2221,205676.43994904557
1357,183914.17955784968
2901,272963.72964062507
347,215042.38057472365
2164,202226.39186876419
1586,277035.06660611276
360,159436.52302691046
1769,237303.4650642033
2617,221858.99858640728
1879,135845.54916051682
991,208269.26248477757
1535,132613.31010838452
1191,146130.87540033227
1579,221045.97281530182
1882,158192.2056708717
1510,103979.78572556743
2196,179883.12546765828
1845,174560.97666880008
2336,350693.870440998
942,118062.98826363494
861,106759.92628551635
2555,85426.34976565048
1392,140640.8276231909
2099,249036.23106757877
1543,141418.1612660855
948,258231.52923562657
1239,154098.67574577391
22,196302.8720397144
2796,215834.91162442116
2747,172313.36122422098
92,283111.0971230758
210,167587.25962198258
1858,229663.0442290077
2228,215931.91851948033
447,210840.8482393613
827,214612.25642403032
1649,227231.68392009576
682,127649.90729217263
2698,140454.40662669105
494,204026.19307803924
214,113090.4973134717
2441,256932.1085562333
2679,108613.18588702468
1336,113621.85504334925
465,211133.5345159845
1524,169073.76453404967
2543,106613.28694259547
631,120082.51936434036
2452,284946.0576626658
228,177530.67485104175
126,140807.0514506572
1092,207928.81944975592
1122,202594.2858541668
932,206300.68218845603
1980,96224.14783761653
2171,83507.69996077257
551,175710.20986574204
2768,178354.22289613256
2056,104349.27439239084
1159,332515.5065040067
2645,127413.64406879508
1174,192010.05119522067
2266,229611.95983189213
2462,346248.80374857655
1219,123613.42183530009
2922,188131.14605046954
118,126097.88950520495
474,189442.94419708828
2576,168841.7115136376
872,264738.730943372
1077,236496.0803459665
1536,155537.60804220577
1150,112660.07982830444
2341,261852.28209782828
1931,125849.07446314914
2785,113548.4217818399
2538,117276.5814286937
597,230559.605120826
464,211960.16687442127
233,247067.44337522145
2169,120166.23431929438
2123,170598.13650386888
1867,164595.6176067381
137,265863.5569829487
515,226781.45739700267
933,141143.35878719305
2784,169973.1220337702
972,163526.17840279118
599,171876.60426469997
2614,143216.33559185
2582,115261.95483890631
1409,202613.47731407167
175,83488.75330987356
352,245494.83026897587
976,66316.2088184377
2134,222548.3811548637
984,104448.89197740205
2396,301194.0751688785
1673,172096.95359995987
404,119187.61787122511
607,129708.92251317418
814,121180.8573781468
868,220587.0956810836
2271,175595.8191981733
1633,232039.72034536756
337,199952.3859498912
2765,194313.19226724334
1746,221721.15884859237
368,273958.2262026306
2806,203821.2802761445
1662,186905.7985726383
1234,205053.41441803306
1373,122498.7189248305
1672,75054.54262513421
1939,108369.52719448807
